10.	-0.000011902780767592376
10.5	-0.00003683039223929139
11.	-0.00009994280077601146
11.5	-0.00024283011658784642
12.	-0.0005370315808266012
12.5	-0.0010956555509490367
13.	-0.0020851577418474192
13.5	-0.00373593769958146
14.	-0.006350538145040935
14.5	-0.010308579535559737
15.	-0.01606797336726103
15.5	-0.024162402309378283
16.	-0.03519538740020417
16.5	-0.04983154085026124
17.	-0.06878569913617533
17.5	-0.09281071499141741
18.	-0.12268458713263311
18.5	-0.15919758679452156
19.	-0.20313984109639474
19.5	-0.2552898037137348
20.	-0.3164038193822023
20.5	-0.38720699985110785
21.	-0.46838541623019864
21.5	-0.5605796797346835
22.	-0.6643797870143634
22.5	-0.7803212242924571
23.	-0.9088821430037152
23.5	-1.0504815717507971
24.	-1.2054784592082364
24.5	-1.3741715119400666
25.	-1.5567996305706753
25.5	-1.7535429207631732
26.	-1.9645241040634445
26.5	-2.189810320010044
27.	-2.4294151741033514
27.5	-2.683301032495394
28.	-2.9513814478702343
28.5	-3.2335237270840715
29.	-3.5295515456719313
29.5	-3.8392476312440684
30.	-4.162356437483584
30.5	-4.4985868327733485
31.	-4.847614746377121
31.5	-5.209085792893566
32.	-5.582617831393789
32.5	-5.9678034799358946
33.	-6.364212554163281
33.5	-6.7713944431552076
34.	-7.1888804055992805
34.5	-7.616185792440746
35.	-8.05281218775301
35.5	-8.498249470766599
36.	-8.95197779493068
36.5	-9.41346948591219
37.	-9.882190856780543
37.5	-10.357603941094922
38.	-10.839168144288516
38.5	-11.326341813948009
39.	-11.818583725404144
39.5	-12.315354496203064
40.	-12.816117906363266
40.5	-13.320342157651078
41.	-13.827501038659356
41.5	-14.337075024158366
42.	-14.848552292381433
42.5	-15.3614296756038
43.	-15.875213526012026
43.5	-16.38942052482754
44.	-16.903578405553386
44.5	-17.417226627321764
45.	-17.92991695411533
45.5	-18.441214006432116
46.	-18.95069571729767
46.5	-19.457953739862006
47.	-19.962593805207042
47.5	-20.464236003630596
48.	-20.96251502762926
48.5	-21.45708036783769
49.	-21.947596418811266
49.5	-22.433742606736537
50.	-22.91521340024631
50.5	-23.391718337214687
51.	-23.86298195436647
51.5	-24.32874374559306
52.	-24.788758014163847
52.5	-25.242793762941872
53.	-25.690634480531173
53.5	-26.132077976991784
54.	-26.566936112740976
54.5	-26.995034586180548
55.	-27.41621261195385
55.5	-27.83032267536127
56.	-28.237230178494368
56.5	-28.6368131618438
57.	-29.028961894212593
57.5	-29.413578596763692
58.	-29.79057703406335
58.5	-30.159882161230446
59.	-30.521429744142285
59.5	-30.875165997488853
60.	-31.221047163114882
60.5	-31.5590391821471
61.	-31.889117243696337
61.5	-32.21126546469515
62.	-32.52547645321166
62.5	-32.831750963631784
63.	-33.13009750096405
63.5	-33.420531961491996
64.	-33.70307723597053
64.5	-33.9777629119915
65.	-34.24462482622471
65.5	-34.50370480566586
66.	-34.75505026423786
66.5	-34.99871392259921
67.	-35.2347534183036
67.5	-35.463231062063535
68.	-35.6842134711005
68.5	-35.897771330021925
69.	-36.10397903253135
69.5	-36.30291447632359
70.	-36.49465872978845
70.5	-36.67929582472836
71.	-36.856912466522374
71.5	-37.02759782604304
72.	-37.19144327640231
72.5	-37.348542209024586
73.	-37.49898977696621
73.5	-37.64288274357149
74.	-37.78031923197922
74.5	-37.911398599594975
75.	-38.036221203446196
75.5	-38.15488828616887
76.	-38.26750177261218
76.5	-38.37416414912358
77.	-38.47497830740205
77.5	-38.570047404279656
78.	-38.65947475182159
78.5	-38.7433636763902
79.	-38.821817411697616
79.5	-38.89493901226355
80.	-38.96283120347405
80.5	-39.02559635084652
81.	-39.08333632681854
81.5	-39.136152436071136
82.	-39.184145357397085
82.5	-39.22741506026135
83.	-39.26606072144365
83.5	-39.30018070449172
84.	-39.329872480915675
84.5	-39.35523256606935
85.	-39.37635647885381
85.5	-39.39333872759836
86.	-39.40627274407731
86.5	-39.415250838375336
87.	-39.42036417505627
87.5	-39.421702773578836
88.	-39.41935545628691
88.5	-39.413409810889426
89.	-39.403952194681516
89.5	-39.391067727831995
90.	-39.37484024682538
90.5	-39.355352312894254
91.	-39.332685217819154
91.5	-39.306918930376945
92.	-39.278132121884994
92.5	-39.24640218551404
93.	-39.211805173836865
93.5	-39.174415853351576
94.	-39.13430769635934
94.5	-39.091552833526585
95.	-39.046222142391656
95.5	-38.99838517919881
96.	-38.94811021191992
96.5	-38.89546426414367
97.	-38.84051303588448
97.5	-38.783321024878646
98.	-38.723951434619686
98.5	-38.66246625024097
99.	-38.59892623682288
99.5	-38.53339091235074
100.	-38.46591864685011
100.5	-38.39656655526758
101.	-38.32539065289168
101.5	-38.252445721732265
102.	-38.177785469010544
102.5	-38.10146241038322
103.	-38.02352800220754
103.5	-37.94403255614675
104.	-37.86302534203244
104.5	-37.78055452829973
105.	-37.696667266329435
105.5	-37.61140964212318
106.	-37.524826758648814
106.5	-37.436962680697555
107.	-37.347860533088
107.5	-37.25756242145064
108.	-37.16610956218528
108.5	-37.07354216592304
109.	-36.97989960677171
109.5	-36.885220268923156
110.	-36.7895417432708
110.5	-36.69290066387535
111.	-36.595332888990754
111.5	-36.496873382973405
112.	-36.39755631980332
112.5	-36.29741507035344
113.	-36.19648217998843
113.5	-36.094789486542204
114.	-35.99236798281435
114.5	-35.88924800758883
115.	-35.78545909998435
115.5	-35.681030120102086
116.	-35.57598923972451
116.5	-35.470363889433166
117.	-35.36418091258598
117.5	-35.25746641254147
118.	-35.15024590175667
118.5	-35.04254426083602
119.	-34.9343857020806
119.5	-34.82579391835293
120.	-34.71679193775844
120.5	-34.6074022407696
121.	-34.49764677090619
121.5	-34.38754684548022
122.	-34.277123317485625
122.5	-34.16639647607218
123.	-34.05538606108532
123.5	-33.944111383507234
124.	-33.83259119343014
124.5	-33.720843767111695
125.	-33.60888695710148
125.5	-33.49673808156952
126.	-33.38441404491105
126.5	-33.271931334685355
127.	-33.1593059389215
127.5	-33.046553475594955
128.	-32.93368916051893
128.5	-32.82072774377452
129.	-32.70768363576312
129.5	-32.5945708679161
130.	-32.481403035818424
130.5	-32.36819341797017
131.	-32.254954946516165
131.5	-32.14170014409566
132.	-32.028441227757845
132.5	-31.915190107176105
133.	-31.801958308600437
133.5	-31.68875705321006
134.	-31.57559729779881
134.5	-31.46248964565389
135.	-31.34944438768763
135.5	-31.23647158882357
136.	-31.123580998647313
136.5	-31.01078205099769
137.	-30.898083963895893
137.5	-30.78549569387652
138.	-30.673025892818696
138.5	-30.560682974654608
139.	-30.4484751540121
139.5	-30.336410367821344
140.	-30.224496289812944
140.5	-30.1127404206028
141.	-30.00115003575453
141.5	-29.889732152123262
142.	-29.77849357795998
142.5	-29.667440965053267
143.	-29.556580734540837
143.5	-29.445919075962045
144.	-29.335462018605742
144.5	-29.225215430278944
145.	-29.115184961409387
145.5	-29.005376057961644
146.	-28.89579403730031
146.5	-28.786444054182752
147.	-28.6773310641896
147.5	-28.568459841877978
148.	-28.45983505276578
148.5	-28.35146120751035
149.	-28.243342635546256
149.5	-28.13548350254416
150.	-28.02788787846457
150.5	-27.920559693477685
151.	-27.813502713018806
151.5	-27.7067205504144
152.	-27.600216731265768
152.5	-27.493994662927573
153.	-27.38805760315825
153.5	-27.28240866693171
154.	-27.17705088032333
154.5	-27.071987178974886
155.	-26.967220363978637
155.5	-26.862753104230787
156.	-26.758587967910973
156.5	-26.654727460875304
157.	-26.55117397380261
157.5	-26.447929776848813
158.	-26.34499702943474
158.5	-26.242377834577493
159.	-26.140074214252472
159.5	-26.038088080883746
160.	-25.936421240422156
160.5	-25.835075417440873
161.	-25.7340522937703
161.5	-25.63335346089812
162.	-25.532980413137505
162.5	-25.432934551616473
163.	-25.33321722223147
163.5	-25.23382972638144
164.	-25.134773279710675
164.5	-25.03604901186717
165.	-24.937657971359076
165.5	-24.839601166871773
166.	-24.741879563637326
166.5	-24.64449404959455
167.	-24.54744543653436
167.5	-24.450734464405848
168.	-24.354361839914496
168.5	-24.258328234282526
169.	-24.16263425042093
169.5	-24.067280423766682
170.	-23.972267224997438
170.5	-23.877595089908656
171.	-23.78326443249702
171.5	-23.689275608180832
172.	-23.595628912551387
172.5	-23.50232458328517
173.	-23.409362814748793
173.5	-23.316743792424088
174.	-23.224467657582554
174.5	-23.132534498406105
175.	-23.040944351703224
175.5	-22.949697206260158
176.	-22.858793035455108
176.5	-22.76823179460291
177.	-22.67801339298373
177.5	-22.588137694274113
178.	-22.498604518046342
178.5	-22.409413647828796
179.	-22.32056486569924
179.5	-22.23205792731136
180.	-22.143892547829857
180.5	-22.056068403253605
181.	-21.96858513172851
181.5	-21.88144234460757
182.	-21.79463965640393
182.5	-21.708176655544353
183.	-21.6220528956428
183.5	-21.536267896686436
184.	-21.450821146187963
184.5	-21.365712108091586
185.	-21.2809402523217
185.5	-21.196505028861193
186.	-21.112405857791707
186.5	-21.028642130335363
187.	-20.94521320986853
187.5	-20.86211843570163
188.	-20.779357151416228
188.5	-20.69692869305997
189.	-20.614832371281977
189.5	-20.533067471975937
190.	-20.45163325717402
190.5	-20.37052896599029
191.	-20.289753829532916
191.5	-20.209307087725243
192.	-20.12918796257691
192.5	-20.049395654873567
193.	-19.969929344967284
193.5	-19.890788193544587
194.	-19.81197134337303
194.5	-19.733477941211433
195.	-19.65530713733433
195.5	-19.57745806477191
196.	-19.499929839070628
196.5	-19.422721558974022
197.	-19.345832307084194
197.5	-19.2692611518075
198.	-19.193007169002648
198.5	-19.117069438315724
199.	-19.0414470250491
199.5	-18.966138980162548
200.	-18.891144340861267
200.5	-18.816462131167164
201.	-18.74209136282085
201.5	-18.66803105145677
202.	-18.594280222927175
202.5	-18.52083789255841
203.	-18.447703063972014
203.5	-18.374874729593838
204.	-18.30235187114887
204.5	-18.230133460142085
205.	-18.158218463113226
205.5	-18.086605861971353
206.	-18.015294636923883
206.5	-17.94428375869062
207.	-17.873572188941445
207.5	-17.80315888072607
208.	-17.733042778891555
208.5	-17.66322282051793
209.	-17.593697944604077
209.5	-17.52446710524054
210.	-17.455529252267336
210.5	-17.386883328272432
211.	-17.31852826896595
211.5	-17.250463003543775
212.	-17.18268645504083
212.5	-17.115197540687735
213.	-17.047995180138088
213.5	-16.98107830878109
214.	-16.91444585984593
214.5	-16.848096761140372
215.	-16.782029935368257
215.5	-16.71624430043803
216.	-16.650738769762523
216.5	-16.585512252550146
217.	-16.520563656514053
217.5	-16.455891904491757
218.	-16.391495924163898
218.5	-16.327374639334913
219.	-16.263526970150885
219.5	-16.19995183336202
220.	-16.13664814257766
220.5	-16.073614808514
221.	-16.01085073923907
221.5	-15.948354846541713
222.	-15.886126058104962
222.5	-15.824163302367005
223.	-15.762465505282622
223.5	-15.701031590547123
224.	-15.639860479813871
224.5	-15.578951092905536
225.	-15.518302348019226
225.5	-15.457913161926601
226.	-15.39778245524527
226.5	-15.337909164341621
227.	-15.278292227666727
227.5	-15.218930582330806
228.	-15.15982316428925
228.5	-15.10096890852328
229.	-15.042366749215304
229.5	-14.984015619919226
230.	-14.925914453725706
230.5	-14.86806218447289
231.	-14.810457758993836
231.5	-14.75310013271852
232.	-14.695988260812676
232.5	-14.639121098154884
233.	-14.582497599486896
233.5	-14.526116719559552
234.	-14.469977413274384
234.5	-14.414078635821
235.	-14.358419342810382
235.5	-14.302998492447253
236.	-14.247815057191577
236.5	-14.192868015482015
237.	-14.13815634616385
237.5	-14.083679028596789
238.	-14.029435042776555
238.5	-13.975423369452876
239.	-13.921642990243887
239.5	-13.868092887747075
240.	-13.814772045646873
240.5	-13.761679449485262
241.	-13.708814096377104
241.5	-13.656174992637062
242.	-13.603761145819496
242.5	-13.551571564595971
243.	-13.499605258853757
243.5	-13.447861239791244
244.	-13.396338520010413
244.5	-13.3450361136065
245.	-13.293953036254798
245.5	-13.243088305294748
246.	-13.192440941909146
246.5	-13.142009980451439
247.	-13.091794460702037
247.5	-13.041793424007965
248.	-12.992005913359343
248.5	-12.942430973466609
249.	-12.893067650835258
249.5	-12.843914993838242
250.	-12.794972052786024
250.5	-12.746237879994371
251.	-12.697711529849927
251.5	-12.649392059838126
252.	-12.601278538920035
252.5	-12.553370043267577
253.	-12.505665651062422
253.5	-12.458164442499616
254.	-12.410865499847912
254.5	-12.363767907508192
255.	-12.316870752069963
255.5	-12.270173122365888
256.	-12.22367410952456
256.5	-12.177372807021438
257.	-12.131268310728027
257.5	-12.085359721417118
258.	-12.03964615148213
258.5	-11.994126717729019
259.	-11.948800539227795
259.5	-11.903666737359577
260.	-11.85872443586201
260.5	-11.813972760873146
261.	-11.7694108409737
261.5	-11.725037807227908
262.	-11.680852793222826
262.5	-11.636854935106244
263.	-11.59304337162323
263.5	-11.54941724507482
264.	-11.505975707942907
264.5	-11.462717918890974
265.	-11.419643039068076
265.5	-11.37675023211827
266.	-11.334038664214432
266.5	-11.291507504090823
267.	-11.24915592307439
267.5	-11.206983095114918
268.	-11.164988196813972
268.5	-11.12317040745273
269.	-11.081528909018648
269.5	-11.04006288623112
270.	-10.998771527947923
270.5	-10.95765403279378
271.	-10.916709604233233
271.5	-10.875937448325935
272.	-10.835336773750498
272.5	-10.794906791828263
273.	-10.754646716546105
273.5	-10.714555764578297
274.	-10.674633155307374
274.5	-10.63487811084415
275.	-10.595289856046813
275.5	-10.55586761853915
276.	-10.516610628727953
276.5	-10.477518119941786
277.	-10.438589332320959
277.5	-10.399823513531127
278.	-10.361219914175075
278.5	-10.32277778752119
279.	-10.284496389519628
279.5	-10.246374978817695
280.	-10.20841281677454
280.5	-10.17060916747505
281.	-10.132963297743041
281.5	-10.095474477153815
282.	-10.058141978045951
282.5	-10.020965075532494
283.	-9.983943047511486
283.5	-9.9470751746965
284.	-9.91036074309044
284.5	-9.873799046258549
285.	-9.837389380983655
285.5	-9.801131046716064
286.	-9.76502334558335
286.5	-9.729065582399564
287.	-9.693257064673862
287.5	-9.657597102618602
288.	-9.622085009156862
288.5	-9.586720099929435
289.	-9.551501693301345
289.5	-9.51642911036781
290.	-9.481501674959727
290.5	-9.44671871364871
291.	-9.412079555790442
291.5	-9.377583535923705
292.	-9.343229995112903
292.5	-9.309018277386306
293.	-9.274947729398816
293.5	-9.241017700436636
294.	-9.207227542421453
294.5	-9.173576609914237
295.	-9.140064260118601
295.5	-9.106689852883758
296.	-9.073452750707107
296.5	-9.040352318736407
297.	-9.007387924771594
297.5	-8.974558939266247
298.	-8.941864735328654
298.5	-8.909304688722603
299.	-8.876878178066471
299.5	-8.844584587602968
300.	-8.812423306451441
300.5	-8.780393726337941
301.	-8.748495241536146
301.5	-8.71672724886801
302.	-8.685089147704051
302.5	-8.6535803399634
303.	-8.622200230113494
303.5	-8.590948225169532
304.	-8.559823734693596
304.5	-8.528826170793536
305.	-8.497954948121562
305.5	-8.467209483872612
306.	-8.43658919778241
306.5	-8.406093512125338
307.	-8.375721851712033
307.5	-8.34547364464079
308.	-8.315348324527653
308.5	-8.285345328190633
309.	-8.255464094886417
309.5	-8.225704066308234
310.	-8.19606468658352
310.5	-8.166545402271357
311.	-8.137145662359714
311.5	-8.107864918262445
312.	-8.078702623816126
312.5	-8.049658235276686
313.	-8.02073121131583
313.5	-7.9919210130173015
314.	-7.9632271038729465
314.5	-7.934648949778625
315.	-7.9061860190299225
315.5	-7.877837782317743
316.	-7.849603712780849
316.5	-7.82148328756983
317.	-7.793475988002405
317.5	-7.765581297802946
318.	-7.737798703000485
318.5	-7.710127691924425
319.	-7.6825677552000995
319.5	-7.655118385744203
320.	-7.627779078760065
320.5	-7.600549331732806
321.	-7.573428644424333
321.5	-7.546416518868242
322.	-7.5195124593645675
322.5	-7.492715972474423
323.	-7.466026567014529
323.5	-7.439443754051624
324.	-7.412967046896755
324.5	-7.386595961099484
325.	-7.360330014441973
325.5	-7.334168727255454
326.	-7.3081116239162025
326.5	-7.282158231620363
327.	-7.256308079722351
327.5	-7.230560699728485
328.	-7.204915625291291
328.5	-7.179372392203706
329.	-7.15393053839319
329.5	-7.128589603915777
330.	-7.103349130949994
330.5	-7.07820866379075
331.	-7.053167748843115
331.5	-7.028225934616033
332.	-7.003382771715965
332.5	-6.978637812840455
333.	-6.953990612771645
333.5	-6.929440728369684
334.	-6.904987718566143
334.5	-6.880631144357293
335.	-6.856370568799721
335.5	-6.832205557581312
336.	-6.808135679757085
336.5	-6.784160506572259
337.	-6.760279611265844
337.5	-6.736492569064157
338.	-6.712798957174328
338.5	-6.689198354777728
339.	-6.665690343023353
339.5	-6.642274505021167
340.	-6.618950425835385
340.5	-6.59571769247773
341.	-6.572575893900641
341.5	-6.54952462099044
342.	-6.526563466560461
342.5	-6.503692025344133
343.	-6.48090989398806
343.5	-6.45821667104503
344.	-6.435611956967012
344.5	-6.413095354098122
345.	-6.390666466667566
345.5	-6.368324900787317
346.	-6.346070264932333
346.5	-6.3239021703426515
347.	-6.301820230189273
347.5	-6.279824059467135
348.	-6.2579132749882564
348.5	-6.2360874953749
349.	-6.214346341052664
349.5	-6.192689434243595
350.	-6.171116398959254
350.5	-6.149626860993764
351.	-6.128220447916869
351.5	-6.106896789066936
352.	-6.085655515543977
352.5	-6.06449626020264
353.	-6.043418657645178
353.5	-6.022422344214441
354.	-6.001506957986815
354.5	-5.980672138765179
355.	-5.959917528071852
355.5	-5.939242769141523
356.	-5.91864750691417
356.5	-5.89813138802799
357.	-5.8776940609803265
357.5	-5.85733517661895
358.	-5.837054387621258
358.5	-5.816851348317999
359.	-5.796725714686405
359.5	-5.776677144343318
360.	-5.7567052965383345
360.5	-5.736809832146932
361.	-5.716990413663582
361.5	-5.697246705194897
362.	-5.677578372452744
362.5	-5.657985082747379
363.	-5.638466504980582
363.5	-5.619022309638776
364.	-5.599652168786188
364.5	-5.580355756057964
365.	-5.561132746653331
365.5	-5.541982817328735
366.	-5.522905646391016
366.5	-5.503900913690549
367.	-5.484968300614432
367.5	-5.466107490079649
368.	-5.447318166526271
368.5	-5.428600015912271
369.	-5.409952725893811
369.5	-5.391375985987143
370.	-5.372869487236198
370.5	-5.354432922164648
371.	-5.336065984769298
371.5	-5.317768370513452
372.	-5.299539776320321
372.5	-5.281379900566412
373.	-5.263288443074952
373.5	-5.245265105109303
374.	-5.227309589366412
374.5	-5.209421599970265
375.	-5.191600842465325
375.5	-5.173847023810047
376.	-5.156159852370341
376.5	-5.13853903791309
377.	-5.120984291599661
377.5	-5.103495325979451
378.	-5.086071854983424
378.5	-5.068713593917692
379.	-5.051420259457073
379.5	-5.034191569638719
380.	-5.0170272438557
380.5	-4.999927002850646
381.	-4.982890568709402
381.5	-4.965917664884396
382.	-4.949008016329474
382.5	-4.932161349380853
383.	-4.915377391688762
383.5	-4.898655872211127
384.	-4.88199652120739
384.5	-4.865399070232332
385.	-4.848863252129913
385.5	-4.8323888010271325
386.	-4.8159754523279075
386.5	-4.799622942706981
387.	-4.783331010103827
387.5	-4.76709939371659
388.	-4.750927833996048
388.5	-4.734816072639575
389.	-4.718763852585155
389.5	-4.702770918005374
390.	-4.686837014301479
390.5	-4.670961888097408
391.	-4.655145287233893
391.5	-4.639386960762537
392.	-4.623686658939937
392.5	-4.608044133221815
393.	-4.592459136257189
393.5	-4.576931421882553
394.	-4.561460745116054
394.5	-4.546046862151742
395.	-4.530689530354289
395.5	-4.515388508257973
396.	-4.500143555558763
396.5	-4.484954433105522
397.	-4.469820902894312
397.5	-4.454742728062726
398.	-4.439719672884286
398.5	-4.42475150276282
399.	-4.409837984226883
399.5	-4.394978884924206
400.	-4.3801739736161505
400.5	-4.3654230201721935
401.	-4.350725795564432
401.5	-4.336082071862119
402.	-4.321491622226201
402.5	-4.306954220903904
403.	-4.292469643223325
403.5	-4.278037665588034
404.	-4.263658065471743
404.5	-4.249330621412942
405.	-4.235055113009599
405.5	-4.220831320913856
406.	-4.2066590268267685
406.5	-4.192538013493051
407.	-4.178468064695852
407.5	-4.164448965251554
408.	-4.150480501004592
408.5	-4.136562458822289
409.	-4.122694626589729
409.5	-4.108876793200744
410.	-4.095108748470902
410.5	-4.081390283135802
411.	-4.067721188927503
411.5	-4.054101258573012
412.	-4.0405302857892424
412.5	-4.027008065278022
413.	-4.013534392721088
413.5	-4.000109064775138
414.	-3.9867318790668906
414.5	-3.97340263418815
415.	-3.9601211296909304
415.5	-3.946887166082571
416.	-3.9337005448208977
416.5	-3.9205610683093837
417.	-3.9074685398923497
417.5	-3.894422763850185
418.	-3.8814235453945827
418.5	-3.868470690663802
419.	-3.8555640067179597
419.5	-3.8427033015343275
420.	-3.829888384002675
420.5	-3.817119063920606
421.	-3.804395151988942
421.5	-3.7917164598071187
422.	-3.779082799868602
422.5	-3.766493985556324
423.	-3.753949831138155
423.5	-3.741450151762378
424.	-3.7289947634532017
424.5	-3.716583483106283
425.	-3.704216128484251
425.5	-3.691892518147481
426.	-3.679612471314929
426.5	-3.667375808024376
427.	-3.655182349167232
427.5	-3.643031916484142
428.	-3.630924332560611
428.5	-3.6188594208226554
429.	-3.606837005532486
429.5	-3.594856911784198
430.	-3.582918965499488
430.5	-3.571022993423394
431.	-3.55916882312006
431.5	-3.547356282968513
432.	-3.5355852021584684
432.5	-3.523855410686154
433.	-3.5121667393501625
433.5	-3.5005190197473106
434.	-3.4889120842685295
434.5	-3.477345766094779
435.	-3.465819899192971
435.5	-3.454334318311927
436.	-3.4428888589783466
436.5	-3.4314833574928016
437.	-3.420117650925747
437.5	-3.4087915771135604
438.	-3.397504974654587
438.5	-3.386257682905227
439.	-3.3750495419760176
439.5	-3.3638803927277605
440.	-3.352750076767644
440.5	-3.3416584364454103
441.	-3.3306053148495245
441.5	-3.3195905558033703
442.	-3.3086140038612135
442.5	-3.2976755042066017
443.	-3.286774902503315
443.5	-3.2759120451020975
444.	-3.265086779074951
444.5	-3.254298952211392
445.	-3.243548413014727
445.5	-3.232835010698349
446.	-3.222158595182052
446.5	-3.211519017088366
447.	-3.2009161277389135
447.5	-3.1903497791507855
448.	-3.179819824032929
448.5	-3.169326115782567
449.	-3.158868508481626
449.5	-3.148446856893191
450.	-3.138061016457977
450.5	-3.1277108432908096
451.	-3.1173961941771484
451.5	-3.1071169265695993
452.	-3.0968728985844676
452.5	-3.086663968998324
453.	-3.076489997244587
453.5	-3.066350843410113
454.	-3.056246368231839
454.5	-3.046176433093398
455.	-3.0361409000217843
455.5	-3.0261396316840323
456.	-3.016172491383901
456.5	-3.006239343058587
457.	-2.9963400512754523
457.5	-2.986474481228772
458.	-2.9766424987364917
458.5	-2.966843970237013
459.	-2.9570787627859936
459.5	-2.9473467440531547
460.	-2.937647782319122
460.5	-2.9279817464671294
461.	-2.918348505806876
461.5	-2.9087479300326047
462.	-2.8991798894286394
462.5	-2.8896442548799293
463.	-2.880140897868936
463.5	-2.870669690472515
464.	-2.861230505358842
464.5	-2.851823215784327
465.	-2.842447695590576
465.5	-2.8331038192013387
466.	-2.823791461619502
466.5	-2.8145104984240747
467.	-2.805260805767209
467.5	-2.7960422603712245
468.	-2.786854739525659
468.5	-2.7776981210843283
469.	-2.7685722834624023
469.5	-2.7594771056335077
470.	-2.7504124671268317
470.5	-2.7413782480242532
471.	-2.732374328957481
471.5	-2.7234005911052215
472.	-2.714456916190345
472.5	-2.7055431864770774
473.	-2.696659284768214
473.5	-2.6878050944023277
474.	-2.6789804992510176
474.5	-2.670185383716154
475.	-2.6614196327271493
475.5	-2.6526831317382404
476.	-2.643975766725784
476.5	-2.6352974241855716
477.	-2.6266479911301537
477.5	-2.6180273550861957
478.	-2.609435404091806
478.5	-2.600872026693946
479.	-2.5923371119457794
479.5	-2.583830549404103
480.	-2.575352229126741
480.5	-2.566902041661272
481.	-2.558479877851424
481.5	-2.55008562883764
482.	-2.541719186247602
482.5	-2.533380442202408
483.	-2.5250692893140223
483.5	-2.516785620682735
484.	-2.5085293298946416
484.5	-2.500300311019125
485.	-2.492098458606375
485.5	-2.483923667684891
486.	-2.4757758337590268
486.5	-2.4676548528065307
487.	-2.459560621276112
487.5	-2.4514930360850062
488.	-2.4434519946165736
488.5	-2.4354373947178924
489.	-2.4274491346973806
489.5	-2.419487113322416
490.	-2.411551229816986
490.5	-2.403641383859345
491.	-2.3957574755796713
491.5	-2.3878994055577536
492.	-2.380067074820694
492.5	-2.3722603848406063
493.	-2.364479237532335
493.5	-2.356723535251197
494.	-2.348993180790719
494.5	-2.341288077380405
495.	-2.333608128683496
495.5	-2.3259532387947677
496.	-2.3183233122383142
496.5	-2.310718253965363
497.	-2.3031379693520937
497.5	-2.2955823641974757
498.	-2.2880513447211057
498.5	-2.2805448175610725
499.	-2.2730626897718205
499.5	-2.2656048688220336
500.	-2.2581712625925303
500.5	-2.250761779374167
501.	-2.2433763278657524
501.5	-2.2360148171719776
502.	-2.22867715680136
502.5	-2.221363256604399
503.	-2.214073026571003
503.5	-2.206806377021385
504.	-2.1995632186760625
504.5	-2.1923434626538167
505.	-2.1851470204696515
505.5	-2.1779738040327734
506.	-2.1708237256445724
506.5	-2.163696697996619
507.	-2.1565926341686805
507.5	-2.149511447626732
508.	-2.1424530522209904
508.5	-2.135417362183965
509.	-2.1284042921284967
509.5	-2.1214137570458353
510.	-2.1144456723037064
510.5	-2.1074999536444055
511.	-2.1005765171828865
511.5	-2.0936752794048785
512.	-2.0867961571649976
512.5	-2.0799390676848826
513.	-2.0731039285513266
513.5	-2.066290657714436
514.	-2.0594991734857877
514.5	-2.0527293945365988
515.	-2.0459812398959083
515.5	-2.0392546289487736
516.	-2.0325494814344665
516.5	-2.0258657174446872
517.	-2.0192032574217915
517.5	-2.0125620221570126
518.	-2.005941932788713
518.5	-1.9993429108006309
519.	-1.9927648780201428
519.5	-1.986207756616538
520.	-1.9796714690992974
520.5	-1.9731559383163824
521.	-1.9666610874525394
521.5	-1.9601868400276083
522.	-1.9537331198948389
522.5	-1.9472998512392268
523.	-1.9408869585758437
523.5	-1.9344943667481893
524.	-1.9281220009265494
524.5	-1.9217697866063574
525.	-1.9154376496065704
525.5	-1.9091255160680598
526.	-1.9028333124502819
526.5	-1.8965609654147688
527.	-1.8903084017525427
527.5	-1.8840755485563698
528.	-1.8778623332366204
528.5	-1.8716686835196674
529.	-1.8654945274462995
529.5	-1.859339793370142
530.	-1.8532044099560918
530.5	-1.847088306178747
531.	-1.8409914113208612
531.5	-1.8349136549717997
532.	-1.8288549670260021
532.5	-1.8228152776814561
533.	-1.816794517438182
533.5	-1.8107926170967228
534.	-1.804809507756641
534.5	-1.7988451208150307
535.	-1.7928993879650301
535.5	-1.7869722411943474
536.	-1.781063612783795
536.5	-1.7751734353058268
537.	-1.7693016416230902
537.5	-1.7634481648869833
538.	-1.7576129385362183
538.5	-1.7517958962953977
539.	-1.7459969721735924
539.5	-1.7402161004629337
540.	-1.7344532157372088
540.5	-1.7287082528504667
541.	-1.7229811469356295
541.5	-1.717271833403116
542.	-1.7115802479394653
542.5	-1.7059063265059757
543.	-1.7002500053373484
543.5	-1.694611220940337
544.	-1.6889899100924066
544.5	-1.6833860098403988
545.	-1.6777994574992063
545.5	-1.6722301906504524
546.	-1.6666781471411802
546.5	-1.6611432650825477
547.	-1.6556254828485288
547.5	-1.6501247390746236
548.	-1.6446409726565778
548.5	-1.6391741227491015
549.	-1.6337241287646045
549.5	-1.6282909303719335
550.	-1.622874467495116
550.5	-1.6174746803121123
551.	-1.6120915092535741
551.5	-1.6067248950016115
552.	-1.601374778488564
552.5	-1.596041100864483
553.	-1.5907238033699693
553.5	-1.5854228274447617
554.	-1.5801381147765292
554.5	-1.5748696072996606
555.	-1.5696172471940628
555.5	-1.564380976883951
556.	-1.5591607390366562
556.5	-1.5539564765614327
557.	-1.5487681326082738
557.5	-1.5435956505667379
558.	-1.5384389740647713
558.5	-1.5332980469675517
559.	-1.5281728133763237
559.5	-1.5230632176272538
560.	-1.5179692042902782
560.5	-1.5128907181679718
561.	-1.5078277042944088
561.5	-1.5027801079340428
562.	-1.4977478745805803
562.5	-1.4927309499558727
563.	-1.4877292800088056
563.5	-1.4827428109141985
564.	-1.4777714890717077
564.5	-1.4728152611047387
565.	-1.4678740738593625
565.5	-1.462947874403237
566.	-1.4580366100245337
566.5	-1.4531402282308785
567.	-1.4482586767482823
567.5	-1.4433919035200964
568.	-1.4385398567059569
568.5	-1.433702484680746
569.	-1.4288797360335537
569.5	-1.4240715595666467
570.	-1.4192779042944432
570.5	-1.4144987194424927
571.	-1.409733954446461
571.5	-1.4049835589511224
572.	-1.4002474828093538
572.5	-1.395525676081141
573.	-1.3908180890325814
573.5	-1.3861246721349012
574.	-1.3814453760634704
574.5	-1.376780151696826
575.	-1.3721289501157052
575.5	-1.3674917226020749
576.	-1.3628684206381725
576.5	-1.3582589959055524
577.	-1.3536634002841315
577.5	-1.3490815858512486
578.	-1.3445135048807215
578.5	-1.3399591098419144
579.	-1.335418353398803
579.5	-1.3308911884090577
580.	-1.3263775679231165
580.5	-1.321877445183272
581.	-1.3173907736227648
581.5	-1.3129175068777816
582.	-1.3084575988183091
582.5	-1.3040110035117023
583.	-1.2995776752119814
583.5	-1.2951575683589576
584.	-1.2907506375773532
584.5	-1.286356837675931
585.	-1.2819761236466316
585.5	-1.27760845066371
586.	-1.273253774082879
586.5	-1.2689120494404575
587.	-1.2645832324525228
587.5	-1.260267279014068
588.	-1.2559641451981625
588.5	-1.2516737872551187
589.	-1.247396161611662
589.5	-1.2431312248701056
590.	-1.2388789338075294
590.5	-1.2346392453749642
591.	-1.2304121166965785
591.5	-1.2261975050688712
592.	-1.2219953679598665
592.5	-1.2178056630083196
593.	-1.2136283480229142
593.5	-1.2094633809814772
594.	-1.2053107200301896
594.5	-1.2011703234828022
595.	-1.1970421498198633
595.5	-1.1929261576879375
596.	-1.1888223058988387
596.5	-1.1847305534288632
597.	-1.1806508594180287
597.5	-1.1765831831693143
598.	-1.1725274841479079
598.5	-1.168483721980453
599.	-1.164451856454308
599.5	-1.1604318475167974
600.	-1.156423655274479
600.5	-1.152427239992405
601.	-1.1484425620933931
601.5	-1.1444695821572997
602.	-1.140508260920298
602.5	-1.136558559274154
603.	-1.1326204382655178
603.5	-1.1286938590952045
604.	-1.1247787831174925
604.5	-1.1208751718394148
605.	-1.1169829869200598
605.5	-1.113102190169875
606.	-1.109232743549971
606.5	-1.1053746091714343
607.	-1.1015277492946405
607.5	-1.0976921263285706
608.	-1.0938677028301318
608.5	-1.0900544415034836
609.	-1.0862523051993624
609.5	-1.082461256914418
610.	-1.0786812597905429
610.5	-1.074912277114214
611.	-1.0711542723158338
611.5	-1.067407208969075
612.	-1.0636710507902287
612.5	-1.0599457616375558
613.	-1.0562313055106467
613.5	-1.0525276465859412
614.	-1.0488347494648527
614.5	-1.0451525790202718
615.	-1.041481100260271
615.5	-1.0378202783266797
616.	-1.0341700784945007
616.5	-1.0305304661713217
617.	-1.0269014068967308
617.5	-1.0232828663417344
618.	-1.0196748103081854
618.5	-1.0160772047281994
619.	-1.012490015663591
619.5	-1.008913209305298
620.	-1.0053467519728188
620.5	-1.0017906101136471
621.	-0.9982447503027112
621.5	-0.994709139241816
622.	-0.9911837437590876
622.5	-0.9876685308084205
623.	-0.9841634674689279
623.5	-0.980668520944394
624.	-0.9771836585627308
624.5	-0.9737088477754334
625.	-0.970244056157045
625.5	-0.966789251404617
626.	-0.963344401337175
626.5	-0.9599094738951921
627.	-0.9564844371400534
627.5	-0.9530692592535354
628.	-0.9496639085372808
628.5	-0.9462683534122761
629.	-0.9428825624183369
629.5	-0.9395065042135874
630.	-0.9361401475739511
630.5	-0.9327834613926373
631.	-0.9294364146796361
631.5	-0.9260989765612084
632.	-0.9227711162793857
632.5	-0.9194528031914686
633.	-0.9161440067695275
633.5	-0.912844696599908
634.	-0.9095548423827357
634.5	-0.9062744139314275
635.	-0.9030033811721998
635.5	-0.8997417141435847
636.	-0.8964893829959448
636.5	-0.8932463579909911
637.	-0.8900126095013058
637.5	-0.8867881080098634
638.	-0.8835728241095558
638.5	-0.8803667285027214
639.	-0.8771697920006748
639.5	-0.8739819855232375
640.	-0.8708032800982745
640.5	-0.86763364686123
641.	-0.8644730570546665
641.5	-0.8613214820278062
642.	-0.8581788932360729
642.5	-0.8550452622406407
643.	-0.85192056070798
643.5	-0.8488047604094076
644.	-0.8456978332206384
644.5	-0.8425997511213416
645.	-0.8395104861946945
645.5	-0.8364300106269442
646.	-0.8333582967069662
646.5	-0.8302953168258287
647.	-0.8272410434763567
647.5	-0.8241954492526992
648.	-0.8211585068498986
648.5	-0.8181301890634611
649.	-0.8151104687889327
649.5	-0.8120993194256692
650.	-0.8090967160815621
650.5	-0.8061026343470756
651.	-0.8031170498889295
651.5	-0.8001399384498513
652.	-0.7971712758483318
652.5	-0.7942110379783771
653.	-0.7912592008092656
653.5	-0.7883157403853016
654.	-0.7853806328255726
654.5	-0.7824538543237068
655.	-0.7795353811476287
655.5	-0.7766251896393194
656.	-0.7737232562145753
656.5	-0.7708295573627678
657.	-0.7679440696466031
657.5	-0.765066769701884
658.	-0.762197634237271
658.5	-0.7593366400340458
659.	-0.7564837639458745
659.5	-0.7536389828985706
660.	-0.7508022738898599
660.5	-0.7479736139891467
661.	-0.7451529803372787
661.5	-0.7423403501463142
662.	-0.7395357006992898
662.5	-0.7367390093499869
663.	-0.7339502535227036
663.5	-0.7311694107120198
664.	-0.7283964584825725
664.5	-0.7256313744688211
665.	-0.7228741363748232
665.5	-0.7201247219740052
666.	-0.7173831091089345
666.5	-0.7146492756910953
667.	-0.7119231997006599
667.5	-0.7092048591862646
668.	-0.7064942322647885
668.5	-0.7037912971211241
669.	-0.701096032007959
669.5	-0.6984084152455509
670.	-0.6957284252215085
670.5	-0.6930560403905661
671.	-0.6903912392743685
671.5	-0.6877340004612481
672.	-0.6850843026060061
672.5	-0.6824421244296963
673.	-0.6798074447194041
673.5	-0.6771802423280326
674.	-0.6745604961740853
674.5	-0.6719481852414503
675.	-0.6693432885791848
675.5	-0.6667457853013022
676.	-0.6641556545865572
676.5	-0.6615728756782332
677.	-0.658997427883931
677.5	-0.6564292905753559
678.	-0.653868443188107
678.5	-0.6513148652214679
679.	-0.6487685362381947
679.5	-0.6462294358643106
680.	-0.643697543788894
680.5	-0.6411728397638732
681.	-0.6386553036038176
681.5	-0.6361449151857336
682.	-0.6336416544488565
682.5	-0.631145501394447
683.	-0.6286564360855859
683.5	-0.6261744386469715
684.	-0.6236994892647147
684.5	-0.6212315681861384
685.	-0.6187706557195739
685.5	-0.6163167322341615
686.	-0.6138697781596478
686.5	-0.6114297739861879
687.	-0.608996700264146
687.5	-0.6065705376038942
688.	-0.6041512666756177
688.5	-0.6017388682091156
689.	-0.599333322993604
689.5	-0.5969346119004103
690.	-0.594542717487456
690.5	-0.5921576250347244
691.	-0.5897793200929807
691.5	-0.5874077882321387
692.	-0.5850430150413483
692.5	-0.5826849861290848
693.	-0.5803336871232391
693.5	-0.5779891036712019
694.	-0.5756512214399493
694.5	-0.5733200261161264
695.	-0.57099550340613
695.5	-0.5686776390361903
696.	-0.5663664187524479
696.5	-0.5640618283210347
697.	-0.5617638535281508
697.5	-0.5594724801801388
698.	-0.5571876941035592
698.5	-0.5549094811452632
699.	-0.5526378271724656
699.5	-0.5503727180728142
700.	-0.5481141397544605
700.5	-0.5458620781461277
701.	-0.5436165191971769
701.5	-0.5413774488776745
702.	-0.5391448531784555
702.5	-0.5369187181111882
703.	-0.5346990297084367
703.5	-0.532485774023721
704.	-0.5302789371315778
704.5	-0.52807850512762
705.	-0.5258844641285942
705.5	-0.5236968002724377
706.	-0.521515499718334
706.5	-0.5193405486467673
707.	-0.5171719332595778
707.5	-0.5150096397800115
708.	-0.5128536544527738
708.5	-0.5107039635440797
709.	-0.5085605533417024
709.5	-0.5064234101550228
710.	-0.5042925203150769
710.5	-0.5021678701746011
711.	-0.500049446108079
711.5	-0.4979372345117858
712.	-0.49583122180383155
712.5	-0.4937313944242031
713.	-0.4916377388348073
713.5	-0.4895502415195105
714.	-0.48746888898417967
714.5	-0.4853936677567194
715.	-0.4833245643871123
715.5	-0.48126156544745347
716.	-0.4792046575319902
716.5	-0.4771538272571536
717.	-0.4751090612615956
717.5	-0.47307034620622207
718.	-0.47103766877422476
718.5	-0.4690110156711152
719.	-0.46699037362475365
719.5	-0.4649757293853801
720.	-0.46296706972564555
720.5	-0.4609643814406378
721.	-0.45896765134791145
721.5	-0.4569768662875143
722.	-0.45499201312201426
722.5	-0.45301307873652286
723.	-0.45104005003872405
723.5	-0.44907291395889415
724.	-0.44711165744992654
724.5	-0.4451562674873565
725.	-0.4432067310693789
725.5	-0.44126303521687255
726.	-0.4393251669734198
726.5	-0.4373931134053257
727.	-0.4354668616016366
727.5	-0.43354639867415945
728.	-0.4316317117574799
728.5	-0.42972278800897756
729.	-0.42781961460884244
729.5	-0.42592217876009225
730.	-0.42403046768858577
730.5	-0.4221444686430377
731.	-0.42026416889503104
731.5	-0.4183895557390333
732.	-0.41652061649240496
732.5	-0.4146573384954138
733.	-0.4127997091112446
733.5	-0.41094771572601096
734.	-0.40910134574876433
734.5	-0.4072605866115032
735.	-0.4054254257691824
735.5	-0.40359585252702995
736.	-0.40177186490363287
736.5	-0.39995346344444566
737.	-0.3981406486123508
737.5	-0.39633342078793937
738.	-0.39453178027022595
738.5	-0.3927357272773611
739.	-0.39094526194734225
739.5	-0.3891603843387116
740.	-0.387381094431255
740.5	-0.3856073921266953
741.	-0.38383927724937533
741.5	-0.3820767495469412
742.	-0.3803198086910187
742.5	-0.37856845427788455
743.	-0.376822685829132
743.5	-0.3750825027923315
744.	-0.373347904541689
744.5	-0.3716188903786958
745.	-0.36989545953277486
745.5	-0.36817761116192316
746.	-0.3664653443533489
746.5	-0.3647586581241024
747.	-0.36305755142170476
747.5	-0.3613620231247702
748.	-0.35967207204362256
748.5	-0.3579876969209114
749.	-0.35630889643221964
749.5	-0.35463566918666684
750.	-0.3529680137275102
750.5	-0.3513059285327392
751.	-0.3496494120156673
751.5	-0.34799846252551775
752.	-0.3463530783480045
752.5	-0.3447132577059128
753.	-0.343078998759669
753.5	-0.34145029960791273
754.	-0.33982715828805926
754.5	-0.3382095727768617
755.	-0.3365975409909668
755.5	-0.3349910607874671
756.	-0.3333901299644495
756.5	-0.33179474626153777
757.	-0.3302049073604347
757.5	-0.3286206108854563
758.	-0.32704185440406486
758.5	-0.3254686354273945
759.	-0.32390095141077874
759.5	-0.3223387997542672
760.	-0.3207821778031433
760.5	-0.3192310828484362
761.	-0.31768551212742996
761.5	-0.3161454628241663
762.	-0.31461093206994695
762.5	-0.3130819169438305
763.	-0.3115584144731251
763.5	-0.31004042163387885
764.	-0.3085279353513647
764.5	-0.3070209525005653
765.	-0.30551946990664763
765.5	-0.3040234843454418
766.	-0.30253299254391086
766.5	-0.3010479911806193
767.	-0.2995684768861967
767.5	-0.29809444624380105
768.	-0.2966258957895725
768.5	-0.2951628220130914
769.	-0.2937052213578272
769.5	-0.2922530902215849
770.	-0.29080642495695125
770.5	-0.2893652218717333
771.	-0.287929477229397
771.5	-0.2864991872495004
772.	-0.28507434810812565
772.5	-0.28365495593830486
773.	-0.2822410068304464
773.5	-0.2808324968327536
774.	-0.2794294219516457
774.5	-0.27803177815216956
775.	-0.276639561358414
775.5	-0.2752527674539165
776.	-0.27387139228207014
776.5	-0.2724954316465251
777.	-0.2711248813115882
777.5	-0.2697597370026205
778.	-0.26839999440642903
778.5	-0.2670456491716586
779.	-0.2656966969091786
779.5	-0.26435313319246767
780.	-0.2630149535579965
780.5	-0.26168215350560464
781.	-0.2603547284988792
781.5	-0.25903267396552454
782.	-0.25771598529773637
782.5	-0.25640465785256633
783.	-0.255098686952288
783.5	-0.25379806788475984
784.	-0.2525027959037822
784.5	-0.2512128662294556
785.	-0.24992827404853446
785.5	-0.24864901451477678
786.	-0.2473750827492953
786.5	-0.24610647384090098
787.	-0.24484318284644752
787.5	-0.24358520474012468
788.	-0.2423325337656539
788.5	-0.24108516363435514
789.	-0.23984308802506382
789.5	-0.2386063005958746
790.	-0.2373747949844084
790.5	-0.23614856480807703
791.	-0.23492760366434928
791.5	-0.2337119051310086
792.	-0.23250146276641534
792.5	-0.23129627010976336
793.	-0.2300963206813344
793.5	-0.2289016079827524
794.	-0.22771212549723338
794.5	-0.22652786668983696
795.	-0.22534882500771092
795.5	-0.22417499388033865
796.	-0.22300636671978108
796.5	-0.2218429369209201
797.	-0.22068469786169503
797.5	-0.2195316429033435
798.	-0.2183837653906353
798.5	-0.2172410586521063
799.	-0.21610351600029165
799.5	-0.2149711307319547
800.	-0.21384389612831664
800.5	-0.21272180545528144
801.	-0.21160485196366208
801.5	-0.21049302888940302
802.	-0.2093863294538007
802.5	-0.2082847468637242
803.	-0.20718827431183195
803.5	-0.20609690497678793
804.	-0.20501063202347636
804.5	-0.20392944860321285
805.	-0.2028533478539572
805.5	-0.20178232290052062
806.	-0.20071636685477456
806.5	-0.19965547281585547
807.	-0.19859963387036927
807.5	-0.19754884309259468
808.	-0.19650309354468207
808.5	-0.1954623782768558
809.	-0.194426690327608
809.5	-0.19339602272389814
810.	-0.19237036848134534
810.5	-0.19134972060442243
811.	-0.19033407208664643
811.5	-0.18932341591076912
812.	-0.18831774504896498
812.5	-0.18731705246301772
813.	-0.18632133110450647
813.5	-0.18533057391498803
814.	-0.18434477382618086
814.5	-0.18336392376014377
815.	-0.18238801662945803
815.5	-0.1814170453374024
816.	-0.18045100277813136
816.5	-0.17948988183684977
817.	-0.17853367538998607
817.5	-0.1775823763053645
818.	-0.17663597744237597
818.5	-0.1756944716521477
819.	-0.17475785177771086
819.5	-0.17382611065416717
820.	-0.17289924110885402
820.5	-0.17197723596150943
821.	-0.17106008802443276
821.5	-0.17014779010264752
822.	-0.1692403349940603
822.5	-0.16833771548962076
823.	-0.16743992437347624
823.5	-0.16654695442313117
824.	-0.16565879840959874
824.5	-0.16477544909755631
825.	-0.16389689924549694
825.5	-0.16302314160587986
826.	-0.16215416892528065
826.5	-0.16128997394454034
827.	-0.1604305493989108
827.5	-0.15957588801820252
828.	-0.1587259825269282
828.5	-0.15788082564444728
829.	-0.15704041008510766
829.5	-0.1562047285583864
830.	-0.1553737737690316
830.5	-0.15454753841719934
831.	-0.1537260151985922
831.5	-0.15290919680459575
832.	-0.15209707592241417
832.5	-0.15128964523520425
833.	-0.15048689742220833
833.5	-0.14968882515888707
834.	-0.1488954211170493
834.5	-0.14810667796498303
835.	-0.14732258836758347
835.5	-0.1465431449864808
836.	-0.14576834048016704
836.5	-0.14499816750412106
837.	-0.14423261871093343
837.5	-0.1434716867504295
838.	-0.1427153642697926
838.5	-0.14196364391368427
839.	-0.14121651832436477
839.5	-0.14047398014181298
840.	-0.1397360220038442
840.5	-0.13900263654622788
841.	-0.13827381640280267
841.5	-0.13754955420559292
842.	-0.13682984258492284
842.5	-0.1361146741695287
843.	-0.13540404158667305
843.5	-0.1346979374622536
844.	-0.13399635442091645
844.5	-0.1332992850861632
845.	-0.1326067220804604
845.5	-0.1319186580253478
846.	-0.13123508554154362
846.5	-0.13055599724905162
847.	-0.12988138576726468
847.5	-0.1292112435408336
848.	-0.12854555582908384
848.5	-0.12788429837144963
849.	-0.12722744636173128
849.5	-0.12657497511678323
850.	-0.12592686007588869
850.5	-0.12528307680013978
851.	-0.12464360097181958
851.5	-0.1240084083937877
852.	-0.12337747498886972
852.5	-0.12275077679924984
853.	-0.12212828998586588
853.5	-0.12150999082780894
854.	-0.12089585572172541
854.5	-0.12028586118122214
855.	-0.11967998383627577
855.5	-0.11907820043264389
856.	-0.11848048783128011
856.5	-0.11788682300775301
857.	-0.11729718305166639
857.5	-0.11671154516608434
858.	-0.11612988666695857
858.5	-0.11555218498255912
859.	-0.11497841765290784
859.5	-0.11440856232921504
860.	-0.11384259677331961
860.5	-0.11328049885713111
861.	-0.11272224656207612
861.5	-0.11216781797854668
862.	-0.1116171913053517
862.5	-0.11107034484917182
863.	-0.1105272570240171
863.5	-0.1099879063506869
864.	-0.10945227145623378
864.5	-0.10892033107342888
865.	-0.10839206404023206
865.5	-0.10786744929926273
866.	-0.10734646589727524
866.5	-0.10682909298463572
867.	-0.10631530981480297
867.5	-0.10580509574381149
868.	-0.10529843022975656
868.5	-0.10479529283228384
869.	-0.1042956632120798
869.5	-0.10379952113036628
870.	-0.10330684644839676
870.5	-0.10281761912695583
871.	-0.1023318192258618
871.5	-0.10184942690347017
872.	-0.10137042241618231
872.5	-0.10089478611795405
873.	-0.10042249845980963
873.5	-0.09995353998935545
874.	-0.09948789135029885
874.5	-0.09902553328196748
875.	-0.09856644661883283
875.5	-0.09811061229003526
876.	-0.09765801131891177
876.5	-0.09720862482252611
877.	-0.09676243401120248
877.5	-0.09631942018805978
878.	-0.09587956474854986
878.5	-0.09544284917999805
879.	-0.09500925506114519
879.5	-0.09457876406169294
880.	-0.09415135794185121
880.5	-0.09372701855188818
881.	-0.09330572783168209
881.5	-0.09288746781027625
882.	-0.09247222060543604
882.5	-0.09205996842320728
883.	-0.09165069355747907
883.5	-0.09124437838954663
884.	-0.0908410053876785
884.5	-0.09044055710668374
885.	-0.09004301618748385
885.5	-0.08964836535668523
886.	-0.0892565874261541
886.5	-0.0888676652925949
887.	-0.0884815819371289
887.5	-0.08809832042487707
888.	-0.08771786390454339
888.5	-0.08734019560800152
889.	-0.08696529884988333
889.5	-0.08659315702716908
890.	-0.08622375361878058
890.5	-0.08585707218517583
891.	-0.08549309636794615
891.5	-0.08513180988941509
892.	-0.08477319655223992
892.5	-0.08441724023901456
893.	-0.08406392491187503
893.5	-0.08371323461210735
894.	-0.08336515345975612
894.5	-0.08301966565323703
895.	-0.08267675546894931
895.5	-0.08233640726089238
896.	-0.08199860546028234
896.5	-0.08166333457517252
897.	-0.08133057919007415
897.5	-0.08100032396558053
898.	-0.08067255363799192
898.5	-0.08034725301894335
899.	-0.08002440699503388
899.5	-0.07970400052745771
900.	-0.07938601865163737
900.5	-0.0790704464768592
901.	-0.07875726918590964
901.5	-0.07844647203471503
902.	-0.0781380403519812
902.5	-0.07783195953883731
903.	-0.0775282150684793
903.5	-0.07722679248581672
904.	-0.0769276774071208
904.5	-0.07663085551967416
905.	-0.07633631258142286
905.5	-0.07604403442063006
906.	-0.07575400693553079
906.5	-0.07546621609398987
907.	-0.07518064793316043
907.5	-0.07489728855914414
908.	-0.07461612414665471
908.5	-0.0743371409386812
909.	-0.07406032524615401
909.5	-0.07378566344761305
910.	-0.07351314198887643
910.5	-0.07324274738271187
911.	-0.07297446620850936
911.5	-0.07270828511195572
912.	-0.0724441908047104
912.5	-0.07218217006408349
913.	-0.07192220973271501
913.5	-0.07166429671825619
914.	-0.07140841799305205
914.5	-0.07115456059382548
915.	-0.07090271162136386
915.5	-0.07065285824020599
916.	-0.07040498767833168
916.5	-0.07015908722685221
917.	-0.06991514423970303
917.5	-0.0696731461333375
918.	-0.06943308038642235
918.5	-0.06919493453953494
919.	-0.06895869619486185
919.5	-0.06872435301589873
920.	-0.06849189272715252
920.5	-0.06826130311384408
921.	-0.06803257202161353
921.5	-0.06780568735622605
922.	-0.06758063708327983
922.5	-0.06735740922791536
923.	-0.06713599187452592
923.5	-0.06691637316647009
924.	-0.06669854130578513
924.5	-0.06648248455290241
925.	-0.06626819122636379
925.5	-0.06605564970253956
926.	-0.06584484841534825
926.5	-0.06563577585597737
927.	-0.0654284205726053
927.5	-0.06522277117012588
928.	-0.06501881630987269
928.5	-0.06481654470934624
929.	-0.06461594514194141
929.5	-0.06441700643667699
930.	-0.06421971747792632
930.5	-0.06402406720514943
931.	-0.06383004461262626
931.5	-0.06363763874919158
932.	-0.06344683871797087
932.5	-0.06325763367611816
933.	-0.06307001283455445
933.5	-0.06288396545770777
934.	-0.06269948086325514
934.5	-0.06251654842186441
935.	-0.06233515755693925
935.5	-0.062155297744363514
936.	-0.0619769585122488
936.5	-0.061800129440681494
937.	-0.06162480016147246
937.5	-0.06145096035790735
938.	-0.06127859976449826
938.5	-0.06110770816673644
939.	-0.06093827540084711
939.5	-0.06077029135354415
940.	-0.06060374596178724
940.5	-0.06043862921253971
941.	-0.060274931142527445
941.5	-0.06011264183799931
942.	-0.05995175143448887
942.5	-0.059792250116576684
943.	-0.059634128117654686
943.5	-0.05947737571969109
944.	-0.059321983252996646
944.5	-0.059167941095992146
945.	-0.059015239674977175
945.5	-0.05886386946389974
946.	-0.05871382098412728
946.5	-0.058565084804218896
947.	-0.05841765153969838
947.5	-0.058271511852828826
948.	-0.05812665645238784
948.5	-0.05798307609344464
949.	-0.05784076157713741
949.5	-0.05769970375045231
950.	-0.05755989350600351
950.5	-0.057421321781814263
951.	-0.05728397956109901
951.5	-0.05714785787204676
952.	-0.05701294778760526
952.5	-0.056879240425266646
953.	-0.05674672694685384
953.5	-0.05661539855830806
954.	-0.056485246509477595
954.5	-0.05635626209390732
955.	-0.056228436648629566
955.5	-0.056101761553955944
956.	-0.05597622823326993
956.5	-0.05585182815282084
957.	-0.05572855282151887
957.5	-0.055606393790730756
958.	-0.05548534265407681
958.5	-0.055365391047228735
959.	-0.0552465306477088
959.5	-0.05512875317468945
960.	-0.055012050388794545
960.5	-0.05489641409190098
961.	-0.054781836126941826
961.5	-0.054668308377710105
962.	-0.0545558227686637
962.5	-0.054444371264731076
963.	-0.05433394587111816
963.5	-0.05422453863311606
964.	-0.054116141635909734
964.5	-0.054008747004387694
965.	-0.05390234690295266
965.5	-0.05379693353533276
966.	-0.05369249914439453
966.5	-0.05358903601195574
967.	-0.05348653645860025
967.5	-0.05338499284349276
968.	-0.05328439756419522
968.5	-0.053184743056484
969.	-0.05308602179416749
969.5	-0.052988226288905295
970.	-0.0528913490900278
970.5	-0.05279538278435699
971.	-0.05270031999602773
971.5	-0.05260615338631041
972.	-0.05251287565343419
972.5	-0.05242047953241104
973.	-0.05232895779486085
973.5	-0.052238303248837395
974.	-0.05214850873865496
974.5	-0.05205956714471599
975.	-0.05197147138333953
975.5	-0.05188421440659055
976.	-0.051797789202110096
976.5	-0.05171218879294614
977.	-0.051627406237385584
977.5	-0.051543434628786654
978.	-0.051460267095412536
978.5	-0.05137789680026561
979.	-0.05129631694092249
979.5	-0.05121552074936983
980.	-0.051135501491841276
980.5	-0.051056252468654736
981.	-0.050977767014050775
981.5	-0.05090003849603174
982.	-0.050823060316201485
982.5	-0.0507468259096062
983.	-0.05067132874457582
983.5	-0.05059656232256612
984.	-0.050522520178001976
984.5	-0.05044919587812075
985.	-0.05037658302281724
985.5	-0.050304675244488596
986.	-0.050233466207880564
986.5	-0.050162949609934275
987.	-0.05009311917963371
987.5	-0.05002396867785406
988.	-0.0499554918972107
988.5	-0.04988768266190901
989.	-0.04982053482759484
989.5	-0.049754042281205765
990.	-0.049688198940823
990.5	-0.049622998755524124
991.	-0.04955843570523644
991.5	-0.04949450380059113
992.	-0.049431197082778
992.5	-0.0493685096234011
993.	-0.04930643552433487
993.5	-0.04924496891758113
994.	-0.04918410396512673
994.5	-0.04912383485880171
995.	-0.049064155820138504
995.5	-0.04900506110023161
996.	-0.0489465449795978
996.5	-0.04888860176803735
997.	-0.04883122580449566
997.5	-0.04877441145692575
998.	-0.04871815312215125
998.5	-0.048662445225730135
999.	-0.04860728222181918
999.5	-0.048552658593038936
1000.	-0.048498568850339506