2.999999999999999889e-01 0.000000000000000000e+00 7.000000000000000000e+00 -2.189471076015252898e-02 2.430671732707391421e-03
2.999999999999999889e-01 1.000000000000000000e+00 7.000000000000000000e+00 -5.179624477481252487e-02 2.561731620072968049e-03
2.999999999999999889e-01 2.000000000000000000e+00 7.000000000000000000e+00 -2.792206482614024293e-02 2.174110628278177679e-03
2.999999999999999889e-01 3.000000000000000000e+00 7.000000000000000000e+00 -1.948318284649075416e-02 2.148017481996106551e-03
2.999999999999999889e-01 4.000000000000000000e+00 7.000000000000000000e+00 1.530975068308947323e-04 2.058889437484434041e-03
2.999999999999999889e-01 5.000000000000000000e+00 7.000000000000000000e+00 -6.131329627357302858e-04 2.353212573197689325e-03
2.999999999999999889e-01 6.000000000000000000e+00 7.000000000000000000e+00 -1.134081507550854968e-03 2.342173865575210377e-03
2.999999999999999889e-01 7.000000000000000000e+00 7.000000000000000000e+00 7.348756139223171243e-06 9.934261464999679173e-04
1.000000000000000000e+00 0.000000000000000000e+00 7.000000000000000000e+00 -2.667343284999128628e+01 9.927875519990493006e-04
1.000000000000000000e+00 1.000000000000000000e+00 7.000000000000000000e+00 -6.744105110834495065e+01 9.952271006701458346e-04
1.000000000000000000e+00 2.000000000000000000e+00 7.000000000000000000e+00 -3.668438666603473308e+01 9.950174000915989071e-04
1.000000000000000000e+00 3.000000000000000000e+00 7.000000000000000000e+00 -2.723348087082575120e+01 9.960948588828857052e-04
1.000000000000000000e+00 4.000000000000000000e+00 7.000000000000000000e+00 9.391533047933937894e-02 3.026394752040541779e-03
1.000000000000000000e+00 5.000000000000000000e+00 7.000000000000000000e+00 -1.194470712997134920e-01 1.692864295111850843e-03
1.000000000000000000e+00 6.000000000000000000e+00 7.000000000000000000e+00 -2.213133039372106592e-01 1.724822153404493956e-03
1.000000000000000000e+00 7.000000000000000000e+00 7.000000000000000000e+00 7.680190581565423356e-03 9.790492634540440189e-04
3.000000000000000000e+00 0.000000000000000000e+00 7.000000000000000000e+00 -1.715601640175067951e+04 9.974178806242588527e-04
3.000000000000000000e+00 1.000000000000000000e+00 7.000000000000000000e+00 -4.372840255353854445e+04 9.932553015071499385e-04
3.000000000000000000e+00 2.000000000000000000e+00 7.000000000000000000e+00 -2.370137638908230656e+04 9.719697249550559920e-04
3.000000000000000000e+00 3.000000000000000000e+00 7.000000000000000000e+00 -1.804659311857576540e+04 9.826845720948692523e-04
3.000000000000000000e+00 4.000000000000000000e+00 7.000000000000000000e+00 2.218230375021772005e+01 7.854566624550498449e-03
3.000000000000000000e+00 5.000000000000000000e+00 7.000000000000000000e+00 -9.059376727072931956e+00 1.428989861649005702e-03
3.000000000000000000e+00 6.000000000000000000e+00 7.000000000000000000e+00 -1.673370430641128692e+01 1.405231999675797061e-03
3.000000000000000000e+00 7.000000000000000000e+00 7.000000000000000000e+00 3.833252833034230811e+00 9.831536562372280349e-04
1.000000000000000000e+01 0.000000000000000000e+00 7.000000000000000000e+00 -1.945552300239929557e+07 9.753535468475031363e-04
1.000000000000000000e+01 1.000000000000000000e+00 7.000000000000000000e+00 -4.973737471523410082e+07 9.929652311576602376e-04
1.000000000000000000e+01 2.000000000000000000e+00 7.000000000000000000e+00 -2.679882929642227292e+07 9.972098506863043711e-04
1.000000000000000000e+01 3.000000000000000000e+00 7.000000000000000000e+00 -2.063026498828854039e+07 9.736290402293336973e-04
1.000000000000000000e+01 4.000000000000000000e+00 7.000000000000000000e+00 6.194803546744816231e+03 1.745949298938282573e-02
1.000000000000000000e+01 5.000000000000000000e+00 7.000000000000000000e+00 -7.764917953557204555e+02 1.512802427993809170e-03
1.000000000000000000e+01 6.000000000000000000e+00 7.000000000000000000e+00 -1.433485432333716517e+03 1.478067608127542039e-03
1.000000000000000000e+01 7.000000000000000000e+00 7.000000000000000000e+00 3.315634356943519833e+03 9.911973156651364761e-04
3.000000000000000000e+01 0.000000000000000000e+00 7.000000000000000000e+00 -1.162946240560713196e+10 9.774611313701684311e-04
3.000000000000000000e+01 1.000000000000000000e+00 7.000000000000000000e+00 -2.973760344356090164e+10 9.831933951860568829e-04
3.000000000000000000e+01 2.000000000000000000e+00 7.000000000000000000e+00 -1.596078326053925133e+10 9.778503241697591216e-04
3.000000000000000000e+01 3.000000000000000000e+00 7.000000000000000000e+00 -1.241581047675479317e+10 9.995804440277120811e-04
3.000000000000000000e+01 4.000000000000000000e+00 7.000000000000000000e+00 6.565795755284961779e+05 2.705480095480835775e-02
3.000000000000000000e+01 5.000000000000000000e+00 7.000000000000000000e+00 -3.745489169800056698e+04 1.761605118153046663e-03
3.000000000000000000e+01 6.000000000000000000e+00 7.000000000000000000e+00 -6.937733576598686341e+04 1.752051158849458456e-03
3.000000000000000000e+01 7.000000000000000000e+00 7.000000000000000000e+00 1.567909044269639999e+06 9.922690371364341691e-04
1.000000000000000000e+02 0.000000000000000000e+00 7.000000000000000000e+00 -1.286605688812107422e+13 9.800772154247108271e-04
1.000000000000000000e+02 1.000000000000000000e+00 7.000000000000000000e+00 -3.278170955727827344e+13 9.708000084660805542e-04
1.000000000000000000e+02 2.000000000000000000e+00 7.000000000000000000e+00 -1.741810344321897266e+13 9.984703674466644582e-04
1.000000000000000000e+02 3.000000000000000000e+00 7.000000000000000000e+00 -1.382639701320120312e+13 9.925557948743633785e-04
1.000000000000000000e+02 4.000000000000000000e+00 7.000000000000000000e+00 7.890415702053251863e+07 3.741266458606071210e-02
1.000000000000000000e+02 5.000000000000000000e+00 7.000000000000000000e+00 -2.280451293981887400e+06 2.472513737224489323e-03
1.000000000000000000e+02 6.000000000000000000e+00 7.000000000000000000e+00 -4.207066645000834949e+06 2.434019655251910830e-03
1.000000000000000000e+02 7.000000000000000000e+00 7.000000000000000000e+00 1.333335863337040901e+09 9.826050802219667667e-04
3.000000000000000000e+02 0.000000000000000000e+00 7.000000000000000000e+00 -8.421409576819535000e+15 9.945758118451942988e-04
3.000000000000000000e+02 1.000000000000000000e+00 7.000000000000000000e+00 -2.092076580237942800e+16 9.824953813292478053e-04
3.000000000000000000e+02 2.000000000000000000e+00 7.000000000000000000e+00 -1.074905776542782800e+16 9.771899900392906190e-04
3.000000000000000000e+02 3.000000000000000000e+00 7.000000000000000000e+00 -9.355205072482430000e+15 9.679257218543297963e-04
3.000000000000000000e+02 4.000000000000000000e+00 7.000000000000000000e+00 3.840687386855538368e+09 4.484331362162123635e-02
3.000000000000000000e+02 5.000000000000000000e+00 7.000000000000000000e+00 -7.917055035301455855e+07 3.101354662262103840e-03
3.000000000000000000e+02 6.000000000000000000e+00 7.000000000000000000e+00 -1.472710123932849765e+08 3.507516603784069202e-03
3.000000000000000000e+02 7.000000000000000000e+00 7.000000000000000000e+00 6.269794311075484619e+11 9.836301360118843585e-04
