2.999999999999999889e-01 0.000000000000000000e+00 7.000000000000000000e+00 2.579477044379612123e-04 9.680704356065801238e-04
2.999999999999999889e-01 1.000000000000000000e+00 7.000000000000000000e+00 5.979956044625477606e-04 9.692927939994169578e-04
2.999999999999999889e-01 2.000000000000000000e+00 7.000000000000000000e+00 3.073811410068945458e-04 9.146576393653929127e-04
2.999999999999999889e-01 3.000000000000000000e+00 7.000000000000000000e+00 2.015855225714722619e-04 9.381808108367218138e-04
2.999999999999999889e-01 4.000000000000000000e+00 7.000000000000000000e+00 -2.170037459798122316e-06 9.952696487643469467e-04
2.999999999999999889e-01 5.000000000000000000e+00 7.000000000000000000e+00 1.895968720683443619e-05 9.397534603188437922e-04
2.999999999999999889e-01 6.000000000000000000e+00 7.000000000000000000e+00 3.520175068108047909e-05 9.496967405158957638e-04
2.999999999999999889e-01 7.000000000000000000e+00 7.000000000000000000e+00 2.660804989062655320e-10 9.618211057339194148e-04
1.000000000000000000e+00 0.000000000000000000e+00 7.000000000000000000e+00 5.700659126250659514e-02 9.412889790793098994e-04
1.000000000000000000e+00 1.000000000000000000e+00 7.000000000000000000e+00 1.412916444304906927e-01 9.643075212840631922e-04
1.000000000000000000e+00 2.000000000000000000e+00 7.000000000000000000e+00 7.353088340052900407e-02 9.833280033333536684e-04
1.000000000000000000e+00 3.000000000000000000e+00 7.000000000000000000e+00 5.305983006953510217e-02 9.649419400370680194e-04
1.000000000000000000e+00 4.000000000000000000e+00 7.000000000000000000e+00 -6.656683582772335208e-04 1.273039745956626228e-03
1.000000000000000000e+00 5.000000000000000000e+00 7.000000000000000000e+00 3.022545794870048867e-03 9.696094039144332244e-04
1.000000000000000000e+00 6.000000000000000000e+00 7.000000000000000000e+00 5.574301454578150551e-03 8.605332430752314068e-04
1.000000000000000000e+00 7.000000000000000000e+00 7.000000000000000000e+00 1.405682139113461309e-08 9.160492032402890164e-04
3.000000000000000000e+00 0.000000000000000000e+00 7.000000000000000000e+00 5.046782591755614611e+00 9.781464833140758770e-04
3.000000000000000000e+00 1.000000000000000000e+00 7.000000000000000000e+00 1.274021428968702629e+01 9.762082905607217522e-04
3.000000000000000000e+00 2.000000000000000000e+00 7.000000000000000000e+00 6.663655848713107233e+00 9.899002160785970103e-04
3.000000000000000000e+00 3.000000000000000000e+00 7.000000000000000000e+00 5.049962609182824913e+00 9.957009628528596962e-04
3.000000000000000000e+00 4.000000000000000000e+00 7.000000000000000000e+00 -7.571206056386697858e-02 2.015591881197123254e-03
3.000000000000000000e+00 5.000000000000000000e+00 7.000000000000000000e+00 2.006183556273253843e-01 9.346668573756178886e-04
3.000000000000000000e+00 6.000000000000000000e+00 7.000000000000000000e+00 3.682659825383249874e-01 9.497763745843581552e-04
3.000000000000000000e+00 7.000000000000000000e+00 7.000000000000000000e+00 4.665106630732146520e-07 9.401214412022493565e-04
1.000000000000000000e+01 0.000000000000000000e+00 7.000000000000000000e+00 5.051880394310766746e+02 9.938439173285604483e-04
1.000000000000000000e+01 1.000000000000000000e+00 7.000000000000000000e+00 1.280094525098121494e+03 9.939030309581869428e-04
1.000000000000000000e+01 2.000000000000000000e+00 7.000000000000000000e+00 6.744910554508654741e+02 9.986992236090828836e-04
1.000000000000000000e+01 3.000000000000000000e+00 7.000000000000000000e+00 5.262912354865485440e+02 9.972909544373957224e-04
1.000000000000000000e+01 4.000000000000000000e+00 7.000000000000000000e+00 -9.684240630106287995e+00 3.337946970716042325e-03
1.000000000000000000e+01 5.000000000000000000e+00 7.000000000000000000e+00 1.531206400958376612e+01 9.410444816265329648e-04
1.000000000000000000e+01 6.000000000000000000e+00 7.000000000000000000e+00 2.802613461742541290e+01 9.314972264642170513e-04
1.000000000000000000e+01 7.000000000000000000e+00 7.000000000000000000e+00 2.071249098156394914e-05 9.252600735561386253e-04
3.000000000000000000e+01 0.000000000000000000e+00 7.000000000000000000e+00 2.784156990104564829e+04 1.140062421985882282e-03
3.000000000000000000e+01 1.000000000000000000e+00 7.000000000000000000e+00 7.024530343375788652e+04 1.147304916507517480e-03
3.000000000000000000e+01 2.000000000000000000e+00 7.000000000000000000e+00 3.721708818742090079e+04 1.014867336790673718e-03
3.000000000000000000e+01 3.000000000000000000e+00 7.000000000000000000e+00 2.983111560209032177e+04 1.405983743262589252e-03
3.000000000000000000e+01 4.000000000000000000e+00 7.000000000000000000e+00 -6.572912040144552748e+02 4.917493706058438489e-03
3.000000000000000000e+01 5.000000000000000000e+00 7.000000000000000000e+00 6.918359030549428326e+02 9.964577265960479404e-04
3.000000000000000000e+01 6.000000000000000000e+00 7.000000000000000000e+00 1.265652836429868330e+03 9.127736323617677370e-04
3.000000000000000000e+01 7.000000000000000000e+00 7.000000000000000000e+00 6.514220390669791692e-04 9.574680629364671833e-04
1.000000000000000000e+02 0.000000000000000000e+00 7.000000000000000000e+00 1.945540997023460455e+06 1.632319211487686219e-03
1.000000000000000000e+02 1.000000000000000000e+00 7.000000000000000000e+00 4.906231754050821997e+06 1.592419233594644795e-03
1.000000000000000000e+02 2.000000000000000000e+00 7.000000000000000000e+00 2.598491195151702967e+06 1.476466129666313123e-03
1.000000000000000000e+02 3.000000000000000000e+00 7.000000000000000000e+00 2.131900517625569832e+06 1.944968592425999360e-03
1.000000000000000000e+02 4.000000000000000000e+00 7.000000000000000000e+00 -5.622883088244752435e+04 6.452426300826413080e-03
1.000000000000000000e+02 5.000000000000000000e+00 7.000000000000000000e+00 3.983978915357363439e+04 9.778988163650142659e-04
1.000000000000000000e+02 6.000000000000000000e+00 7.000000000000000000e+00 7.280146447995927883e+04 9.893922900170201273e-04
1.000000000000000000e+02 7.000000000000000000e+00 7.000000000000000000e+00 2.845317271084741445e-02 9.044196390508812793e-04
3.000000000000000000e+02 0.000000000000000000e+00 7.000000000000000000e+00 9.004388555304318666e+07 2.021161376159385376e-03
3.000000000000000000e+02 1.000000000000000000e+00 7.000000000000000000e+00 2.222699658260562718e+08 2.213258468397029562e-03
3.000000000000000000e+02 2.000000000000000000e+00 7.000000000000000000e+00 1.147964266704840660e+08 1.903413322642284917e-03
3.000000000000000000e+02 3.000000000000000000e+00 7.000000000000000000e+00 1.025477271200027764e+08 2.365748550029287724e-03
3.000000000000000000e+02 4.000000000000000000e+00 7.000000000000000000e+00 -2.902645831807010807e+06 7.761474600086432779e-03
3.000000000000000000e+02 5.000000000000000000e+00 7.000000000000000000e+00 1.309867524775840575e+06 9.436702977884812342e-04
3.000000000000000000e+02 6.000000000000000000e+00 7.000000000000000000e+00 2.364878292996152770e+06 9.361709412155230043e-04
3.000000000000000000e+02 7.000000000000000000e+00 7.000000000000000000e+00 8.907954935636990257e-01 9.130430938814311590e-04
