2.999999999999999889e-01 0.000000000000000000e+00 0.000000000000000000e+00 1.806372252702418336e+03 2.195319443370727548e-03
2.999999999999999889e-01 0.000000000000000000e+00 1.000000000000000000e+00 3.258386706132471318e+03 2.250536623159975040e-03
2.999999999999999889e-01 0.000000000000000000e+00 2.000000000000000000e+00 1.381662325214928160e+03 2.223397071687415339e-03
2.999999999999999889e-01 0.000000000000000000e+00 3.000000000000000000e+00 9.538534042015472778e+02 2.311100777237237638e-03
2.999999999999999889e-01 0.000000000000000000e+00 4.000000000000000000e+00 5.248282222210197467e+00 7.515502322374376619e-03
2.999999999999999889e-01 0.000000000000000000e+00 5.000000000000000000e+00 8.045969475235919788e+01 1.295934393056405237e-03
2.999999999999999889e-01 0.000000000000000000e+00 6.000000000000000000e+00 1.414277112754214727e+02 1.316045196135042948e-03
2.999999999999999889e-01 1.000000000000000000e+00 1.000000000000000000e+00 7.715780210433603315e+03 2.303215283490440708e-03
2.999999999999999889e-01 1.000000000000000000e+00 2.000000000000000000e+00 3.374475751829077581e+03 2.326747913979735315e-03
2.999999999999999889e-01 1.000000000000000000e+00 3.000000000000000000e+00 2.227564977068145708e+03 2.461832288991336673e-03
2.999999999999999889e-01 1.000000000000000000e+00 4.000000000000000000e+00 2.076470235979066459e+01 4.264457563696582611e-03
2.999999999999999889e-01 1.000000000000000000e+00 5.000000000000000000e+00 1.967628961735411792e+02 1.333401137432750627e-03
2.999999999999999889e-01 1.000000000000000000e+00 6.000000000000000000e+00 3.496580974956183923e+02 1.426840338408039838e-03
2.999999999999999889e-01 2.000000000000000000e+00 2.000000000000000000e+00 1.590201696404582890e+03 2.302861028120867411e-03
2.999999999999999889e-01 2.000000000000000000e+00 3.000000000000000000e+00 1.051032953431686337e+03 2.251735697145752953e-03
2.999999999999999889e-01 2.000000000000000000e+00 4.000000000000000000e+00 2.316439502103086578e+00 1.379087571731249691e-02
2.999999999999999889e-01 2.000000000000000000e+00 5.000000000000000000e+00 9.008770919361067797e+01 1.373840668465726869e-03
2.999999999999999889e-01 2.000000000000000000e+00 6.000000000000000000e+00 1.633065575554950613e+02 1.444301960972050897e-03
2.999999999999999889e-01 3.000000000000000000e+00 3.000000000000000000e+00 7.608970870827550925e+02 2.426159728420118709e-03
2.999999999999999889e-01 3.000000000000000000e+00 4.000000000000000000e+00 -1.211463021725331402e+01 2.881703811453076823e-03
2.999999999999999889e-01 3.000000000000000000e+00 5.000000000000000000e+00 5.251753840657927697e+01 1.407146366119210647e-03
2.999999999999999889e-01 3.000000000000000000e+00 6.000000000000000000e+00 9.719260456513667634e+01 1.495662534514067806e-03
2.999999999999999889e-01 4.000000000000000000e+00 4.000000000000000000e+00 6.834788412623461262e+00 1.918477640620587423e-03
2.999999999999999889e-01 4.000000000000000000e+00 5.000000000000000000e+00 2.530672121003779029e+00 1.883209082996633926e-03
2.999999999999999889e-01 4.000000000000000000e+00 6.000000000000000000e+00 2.585194554068567463e+00 2.391390333421822018e-03
2.999999999999999889e-01 5.000000000000000000e+00 5.000000000000000000e+00 9.052028864526619145e+00 1.052946498382046703e-03
2.999999999999999889e-01 5.000000000000000000e+00 6.000000000000000000e+00 1.542643709316099532e+01 1.043914416166644068e-03
2.999999999999999889e-01 6.000000000000000000e+00 6.000000000000000000e+00 2.737800622351376134e+01 1.083429155015508362e-03
1.000000000000000000e+00 0.000000000000000000e+00 0.000000000000000000e+00 3.084927038371473551e+06 2.126571268183827419e-03
1.000000000000000000e+00 0.000000000000000000e+00 1.000000000000000000e+00 5.509468394495056942e+06 2.271229400144500477e-03
1.000000000000000000e+00 0.000000000000000000e+00 2.000000000000000000e+00 2.359498343483014032e+06 2.189796584148147752e-03
1.000000000000000000e+00 0.000000000000000000e+00 3.000000000000000000e+00 1.834628012006177101e+06 2.319797794204276307e-03
1.000000000000000000e+00 0.000000000000000000e+00 4.000000000000000000e+00 3.868962529626089236e+03 2.378001934546300836e-02
1.000000000000000000e+00 0.000000000000000000e+00 5.000000000000000000e+00 5.904557663694677467e+04 1.097229426628550542e-03
1.000000000000000000e+00 0.000000000000000000e+00 6.000000000000000000e+00 9.875158381721643673e+04 1.127127191798808293e-03
1.000000000000000000e+00 1.000000000000000000e+00 1.000000000000000000e+00 1.402897693057789840e+07 1.914557434944184292e-03
1.000000000000000000e+00 1.000000000000000000e+00 2.000000000000000000e+00 6.154063113282611594e+06 2.009247910820327609e-03
1.000000000000000000e+00 1.000000000000000000e+00 3.000000000000000000e+00 4.490945292469645850e+06 2.221324721133284379e-03
1.000000000000000000e+00 1.000000000000000000e+00 4.000000000000000000e+00 5.175749298317795183e+04 6.684086093309222001e-03
1.000000000000000000e+00 1.000000000000000000e+00 5.000000000000000000e+00 1.554778979498183471e+05 1.183398883678623550e-03
1.000000000000000000e+00 1.000000000000000000e+00 6.000000000000000000e+00 2.558963053107462765e+05 1.141340869707645547e-03
1.000000000000000000e+00 2.000000000000000000e+00 2.000000000000000000e+00 2.945334407130171079e+06 1.876673021683923897e-03
1.000000000000000000e+00 2.000000000000000000e+00 3.000000000000000000e+00 2.188032972747712396e+06 2.042370381538088399e-03
1.000000000000000000e+00 2.000000000000000000e+00 4.000000000000000000e+00 -6.413898956613536939e+03 1.033393937001992821e-02
1.000000000000000000e+00 2.000000000000000000e+00 5.000000000000000000e+00 6.593856937355091213e+04 1.179893901326379418e-03
1.000000000000000000e+00 2.000000000000000000e+00 6.000000000000000000e+00 1.162779783647133445e+05 1.260182055598178504e-03
1.000000000000000000e+00 3.000000000000000000e+00 3.000000000000000000e+00 1.877993119722815230e+06 2.528178103791313934e-03
1.000000000000000000e+00 3.000000000000000000e+00 4.000000000000000000e+00 -8.340563223203104280e+04 5.789741270721997929e-03
1.000000000000000000e+00 3.000000000000000000e+00 5.000000000000000000e+00 3.835691441130511521e+04 1.922067354533262733e-03
1.000000000000000000e+00 3.000000000000000000e+00 6.000000000000000000e+00 7.733298170828394359e+04 1.390700214966687385e-03
1.000000000000000000e+00 4.000000000000000000e+00 4.000000000000000000e+00 4.030305983946941706e+04 6.293901055173902089e-03
1.000000000000000000e+00 4.000000000000000000e+00 5.000000000000000000e+00 5.355329361337735463e+03 3.132283565490240600e-03
1.000000000000000000e+00 4.000000000000000000e+00 6.000000000000000000e+00 2.842867463516154203e+03 5.131266606341620788e-03
1.000000000000000000e+00 5.000000000000000000e+00 5.000000000000000000e+00 7.644953158817570511e+03 9.952682399689976884e-04
1.000000000000000000e+00 5.000000000000000000e+00 6.000000000000000000e+00 1.105268494570124494e+04 9.956784211394840208e-04
1.000000000000000000e+00 6.000000000000000000e+00 6.000000000000000000e+00 1.810551563094411176e+04 9.941456890475567406e-04
3.000000000000000000e+00 0.000000000000000000e+00 0.000000000000000000e+00 2.307553032716354370e+09 1.310656147185105137e-03
3.000000000000000000e+00 0.000000000000000000e+00 1.000000000000000000e+00 4.049757108593173981e+09 1.086155167039734365e-03
3.000000000000000000e+00 0.000000000000000000e+00 2.000000000000000000e+00 1.736487512047345877e+09 1.029643713772961100e-03
3.000000000000000000e+00 0.000000000000000000e+00 3.000000000000000000e+00 1.436964746257367373e+09 1.181116150897793459e-03
3.000000000000000000e+00 0.000000000000000000e+00 4.000000000000000000e+00 -9.556725463111469289e+05 1.135097044018147788e-01
3.000000000000000000e+00 0.000000000000000000e+00 5.000000000000000000e+00 1.147569495457861014e+07 1.467514349143563294e-03
3.000000000000000000e+00 0.000000000000000000e+00 6.000000000000000000e+00 1.861104562280418724e+07 1.120858431874756627e-03
3.000000000000000000e+00 1.000000000000000000e+00 1.000000000000000000e+00 1.066571632590599060e+10 1.214434916223602542e-03
3.000000000000000000e+00 1.000000000000000000e+00 2.000000000000000000e+00 4.668139251215365410e+09 9.978726741581161758e-04
3.000000000000000000e+00 1.000000000000000000e+00 3.000000000000000000e+00 3.466009222481871128e+09 1.724239790399732667e-03
3.000000000000000000e+00 1.000000000000000000e+00 4.000000000000000000e+00 6.289434582975415885e+07 1.723877456350290244e-02
3.000000000000000000e+00 1.000000000000000000e+00 5.000000000000000000e+00 3.281535212786709517e+07 1.803816988877684569e-03
3.000000000000000000e+00 1.000000000000000000e+00 6.000000000000000000e+00 4.890622405644773692e+07 1.299337280251397844e-03
3.000000000000000000e+00 2.000000000000000000e+00 2.000000000000000000e+00 2.266394828909201622e+09 9.999637281655868355e-04
3.000000000000000000e+00 2.000000000000000000e+00 3.000000000000000000e+00 1.751820881391594172e+09 1.062295032877974641e-03
3.000000000000000000e+00 2.000000000000000000e+00 4.000000000000000000e+00 -7.046059241780471057e+06 1.142764149956921639e-02
3.000000000000000000e+00 2.000000000000000000e+00 5.000000000000000000e+00 1.199888550700125284e+07 1.413994572332491744e-03
3.000000000000000000e+00 2.000000000000000000e+00 6.000000000000000000e+00 2.166398755071554706e+07 1.156509455535443794e-03
3.000000000000000000e+00 3.000000000000000000e+00 3.000000000000000000e+00 1.709222182366173744e+09 4.311138298467337600e-03
3.000000000000000000e+00 3.000000000000000000e+00 4.000000000000000000e+00 -1.372442359144006670e+08 1.695918705583951760e-02
3.000000000000000000e+00 3.000000000000000000e+00 5.000000000000000000e+00 3.935926897686597425e+06 1.566979600199217698e-02
3.000000000000000000e+00 3.000000000000000000e+00 6.000000000000000000e+00 1.543780424174484238e+07 2.928094493745341496e-03
3.000000000000000000e+00 4.000000000000000000e+00 4.000000000000000000e+00 6.725224201578252017e+07 1.712396203959614532e-02
3.000000000000000000e+00 4.000000000000000000e+00 5.000000000000000000e+00 2.929966328640348744e+06 8.602263139462855077e-03
3.000000000000000000e+00 4.000000000000000000e+00 6.000000000000000000e+00 6.400821142784139374e+05 2.364603675973434710e-02
3.000000000000000000e+00 5.000000000000000000e+00 5.000000000000000000e+00 1.860848763748044148e+06 2.520251556370804724e-03
3.000000000000000000e+00 5.000000000000000000e+00 6.000000000000000000e+00 2.135235094651401974e+06 1.208206729636785532e-03
3.000000000000000000e+00 6.000000000000000000e+00 6.000000000000000000e+00 3.292584758072263096e+06 9.956191311005250719e-04
1.000000000000000000e+01 0.000000000000000000e+00 0.000000000000000000e+00 3.411015407155417480e+12 9.811939731726544364e-04
1.000000000000000000e+01 0.000000000000000000e+00 1.000000000000000000e+00 5.987788855525233398e+12 9.919177442044412735e-04
1.000000000000000000e+01 0.000000000000000000e+00 2.000000000000000000e+00 2.564449830670937988e+12 9.933360500047768403e-04
1.000000000000000000e+01 0.000000000000000000e+00 3.000000000000000000e+00 2.170826211940337158e+12 9.769853070584828998e-04
1.000000000000000000e+01 0.000000000000000000e+00 4.000000000000000000e+00 -2.028389725396282196e+09 6.893028286154245787e-02
1.000000000000000000e+01 0.000000000000000000e+00 5.000000000000000000e+00 2.187245115658227921e+09 3.724495562966812466e-03
1.000000000000000000e+01 0.000000000000000000e+00 6.000000000000000000e+00 3.523558263227447033e+09 1.551886739619819317e-03
1.000000000000000000e+01 1.000000000000000000e+00 1.000000000000000000e+00 1.571170114496299414e+13 9.804094238910880405e-04
1.000000000000000000e+01 1.000000000000000000e+00 2.000000000000000000e+00 6.883069951429041992e+12 9.824214620158763268e-04
1.000000000000000000e+01 1.000000000000000000e+00 3.000000000000000000e+00 5.296663224306145508e+12 2.163411078361150101e-03
1.000000000000000000e+01 1.000000000000000000e+00 4.000000000000000000e+00 1.066064007486595001e+11 3.388428060496206234e-02
1.000000000000000000e+01 1.000000000000000000e+00 5.000000000000000000e+00 7.776426229242417336e+09 6.921731635898838338e-03
1.000000000000000000e+01 1.000000000000000000e+00 6.000000000000000000e+00 9.288394832819652557e+09 3.242003177712487333e-03
1.000000000000000000e+01 2.000000000000000000e+00 2.000000000000000000e+00 3.335001026892588867e+12 9.876029657243012762e-04
1.000000000000000000e+01 2.000000000000000000e+00 3.000000000000000000e+00 2.625622806123276367e+12 9.764240584484732083e-04
1.000000000000000000e+01 2.000000000000000000e+00 4.000000000000000000e+00 -5.921095624356926918e+09 2.375181334740850136e-02
1.000000000000000000e+01 2.000000000000000000e+00 5.000000000000000000e+00 1.920454968083879948e+09 5.661120103566960084e-03
1.000000000000000000e+01 2.000000000000000000e+00 6.000000000000000000e+00 4.019833696767942429e+09 1.583917543311402385e-03
1.000000000000000000e+01 3.000000000000000000e+00 3.000000000000000000e+00 2.589750738548885742e+12 6.670874042084236517e-03
1.000000000000000000e+01 3.000000000000000000e+00 4.000000000000000000e+00 -2.481584028930325012e+11 3.362923595376347830e-02
1.000000000000000000e+01 3.000000000000000000e+00 5.000000000000000000e+00 -1.959648667195658922e+09 4.170684123382784048e-02
1.000000000000000000e+01 3.000000000000000000e+00 6.000000000000000000e+00 3.016459443608454227e+09 1.458134105019930245e-02
1.000000000000000000e+01 4.000000000000000000e+00 4.000000000000000000e+00 1.297537303599855042e+11 3.715310910962788676e-02
1.000000000000000000e+01 4.000000000000000000e+00 5.000000000000000000e+00 1.747245689777980328e+09 2.029266615560339909e-02
1.000000000000000000e+01 4.000000000000000000e+00 6.000000000000000000e+00 1.374262684163111150e+08 1.528639760754108012e-01
1.000000000000000000e+01 5.000000000000000000e+00 5.000000000000000000e+00 5.376529969054020643e+08 8.604803072777455347e-03
1.000000000000000000e+01 5.000000000000000000e+00 6.000000000000000000e+00 4.132676213225510716e+08 3.530169971471355719e-03
1.000000000000000000e+01 6.000000000000000000e+00 6.000000000000000000e+00 6.097027870095223188e+08 1.684139558621738138e-03
3.000000000000000000e+01 0.000000000000000000e+00 0.000000000000000000e+00 2.636226913226208000e+15 9.778555537082686024e-04
3.000000000000000000e+01 0.000000000000000000e+00 1.000000000000000000e+00 4.603533628820692000e+15 9.781119005520407493e-04
3.000000000000000000e+01 0.000000000000000000e+00 2.000000000000000000e+00 1.961717254341069000e+15 9.934868791374874396e-04
3.000000000000000000e+01 0.000000000000000000e+00 3.000000000000000000e+00 1.681604739568657500e+15 9.766514366511295717e-04
3.000000000000000000e+01 0.000000000000000000e+00 4.000000000000000000e+00 -6.281364658989196777e+11 7.321202269932408635e-02
3.000000000000000000e+01 0.000000000000000000e+00 5.000000000000000000e+00 1.872711718124464417e+11 1.015352559871461266e-02
3.000000000000000000e+01 0.000000000000000000e+00 6.000000000000000000e+00 3.089358789596260986e+11 2.545005503749788334e-03
3.000000000000000000e+01 1.000000000000000000e+00 1.000000000000000000e+00 1.198504715443418400e+16 9.889856728427489155e-04
3.000000000000000000e+01 1.000000000000000000e+00 2.000000000000000000e+00 5.257409157935856000e+15 9.872235298905131587e-04
3.000000000000000000e+01 1.000000000000000000e+00 3.000000000000000000e+00 4.215697138106728500e+15 9.887459944980215524e-04
3.000000000000000000e+01 1.000000000000000000e+00 4.000000000000000000e+00 4.501714396825006250e+13 5.283712933701768810e-02
3.000000000000000000e+01 1.000000000000000000e+00 5.000000000000000000e+00 9.527806677497988281e+11 1.892483161816720105e-02
3.000000000000000000e+01 1.000000000000000000e+00 6.000000000000000000e+00 7.962193392609527588e+11 9.287734313989317800e-03
3.000000000000000000e+01 2.000000000000000000e+00 2.000000000000000000e+00 2.531949151056048000e+15 9.972495002076643168e-04
3.000000000000000000e+01 2.000000000000000000e+00 3.000000000000000000e+00 2.023948335758656500e+15 9.818194780283808626e-04
3.000000000000000000e+01 2.000000000000000000e+00 4.000000000000000000e+00 -1.155687750511210449e+12 4.014435634759305066e-02
3.000000000000000000e+01 2.000000000000000000e+00 5.000000000000000000e+00 1.264918089628795471e+11 2.053355935643803518e-02
3.000000000000000000e+01 2.000000000000000000e+00 6.000000000000000000e+00 3.454796570668780518e+11 3.017954425553506272e-03
3.000000000000000000e+01 3.000000000000000000e+00 3.000000000000000000e+00 1.762696011992627750e+15 2.596001120353166360e-03
3.000000000000000000e+01 3.000000000000000000e+00 4.000000000000000000e+00 -1.652627056532398125e+14 4.034853351722562931e-02
3.000000000000000000e+01 3.000000000000000000e+00 5.000000000000000000e+00 -5.695777445197822266e+11 3.675444232754551677e-02
3.000000000000000000e+01 3.000000000000000000e+00 6.000000000000000000e+00 2.675536221162304993e+11 5.176174729853985634e-02
3.000000000000000000e+01 4.000000000000000000e+00 4.000000000000000000e+00 4.609312952760450781e+13 3.839760239559440735e-02
3.000000000000000000e+01 4.000000000000000000e+00 5.000000000000000000e+00 3.541296663586652832e+11 3.588505445587149983e-02
3.000000000000000000e+01 4.000000000000000000e+00 6.000000000000000000e+00 1.100013025043983459e+10 5.372060762142402135e-01
3.000000000000000000e+01 5.000000000000000000e+00 5.000000000000000000e+00 8.415445545557728577e+10 2.201210325562787118e-02
3.000000000000000000e+01 5.000000000000000000e+00 6.000000000000000000e+00 3.612321417451342773e+10 8.435803893258226466e-03
3.000000000000000000e+01 6.000000000000000000e+00 6.000000000000000000e+00 5.214992390133689117e+10 2.817249278229957705e-03
1.000000000000000000e+02 0.000000000000000000e+00 0.000000000000000000e+00 3.843811533906355200e+18 9.816351935465403560e-04
1.000000000000000000e+02 0.000000000000000000e+00 1.000000000000000000e+00 6.686431479231610880e+18 9.748233383148864010e-04
1.000000000000000000e+02 0.000000000000000000e+00 2.000000000000000000e+00 2.824658386175330304e+18 9.741382458313814453e-04
1.000000000000000000e+02 0.000000000000000000e+00 3.000000000000000000e+00 2.477692779195500032e+18 9.841592291428347735e-04
1.000000000000000000e+02 0.000000000000000000e+00 4.000000000000000000e+00 -2.334338819144277812e+14 6.805354222330801950e-02
1.000000000000000000e+02 0.000000000000000000e+00 5.000000000000000000e+00 1.938197492118447266e+13 1.655469783136012674e-02
1.000000000000000000e+02 0.000000000000000000e+00 6.000000000000000000e+00 3.210068810305328516e+13 4.179465030633195896e-03
1.000000000000000000e+02 1.000000000000000000e+00 1.000000000000000000e+00 1.724688414816923238e+19 9.803209828513292055e-04
1.000000000000000000e+02 1.000000000000000000e+00 2.000000000000000000e+00 7.514214183890289664e+18 9.921078161242429406e-04
1.000000000000000000e+02 1.000000000000000000e+00 3.000000000000000000e+00 6.184486292062974976e+18 9.748549666592205929e-04
1.000000000000000000e+02 1.000000000000000000e+00 4.000000000000000000e+00 5.060681178734638400e+16 5.632542626290972659e-02
1.000000000000000000e+02 1.000000000000000000e+00 5.000000000000000000e+00 1.256131225847805156e+14 2.923508778412852935e-02
1.000000000000000000e+02 1.000000000000000000e+00 6.000000000000000000e+00 8.158037078412306250e+13 2.349992177901917556e-02
1.000000000000000000e+02 2.000000000000000000e+00 2.000000000000000000e+00 3.598373965956481024e+18 9.934192463242259331e-04
1.000000000000000000e+02 2.000000000000000000e+00 3.000000000000000000e+00 2.935477628156126720e+18 9.970884447375581196e-04
1.000000000000000000e+02 2.000000000000000000e+00 4.000000000000000000e+00 -2.438778697331510938e+14 6.197479939064953758e-02
1.000000000000000000e+02 2.000000000000000000e+00 5.000000000000000000e+00 5.018372281569109375e+12 1.426172842654267747e-01
1.000000000000000000e+02 2.000000000000000000e+00 6.000000000000000000e+00 3.538719559947569531e+13 5.172984450574782608e-03
1.000000000000000000e+02 3.000000000000000000e+00 3.000000000000000000e+00 2.555177382484989952e+18 9.703695288442791382e-04
1.000000000000000000e+02 3.000000000000000000e+00 4.000000000000000000e+00 -7.903365323435955200e+16 5.221587308342597045e-02
1.000000000000000000e+02 3.000000000000000000e+00 5.000000000000000000e+00 -1.342888976603316250e+14 5.137814199226205247e-02
1.000000000000000000e+02 3.000000000000000000e+00 6.000000000000000000e+00 3.102695815228635547e+13 1.244737826749287984e-01
1.000000000000000000e+02 4.000000000000000000e+00 4.000000000000000000e+00 5.587213863555283200e+16 4.836921343858291422e-02
1.000000000000000000e+02 4.000000000000000000e+00 5.000000000000000000e+00 5.204269271549982812e+13 4.652079922178867233e-02
1.000000000000000000e+02 4.000000000000000000e+00 6.000000000000000000e+00 -2.117422298542570190e+11 7.575865052553488077e+00
1.000000000000000000e+02 5.000000000000000000e+00 5.000000000000000000e+00 1.252132253583847656e+13 3.261691199676780561e-02
1.000000000000000000e+02 5.000000000000000000e+00 6.000000000000000000e+00 3.710137452978611816e+12 1.598895430151241193e-02
1.000000000000000000e+02 6.000000000000000000e+00 6.000000000000000000e+00 5.297525983795892578e+12 4.786354284005199175e-03
3.000000000000000000e+02 0.000000000000000000e+00 0.000000000000000000e+00 3.601406606242294006e+21 9.915458447990728539e-04
3.000000000000000000e+02 0.000000000000000000e+00 1.000000000000000000e+00 6.025651255503545696e+21 9.757313955505239481e-04
3.000000000000000000e+02 0.000000000000000000e+00 2.000000000000000000e+00 2.450709736223031165e+21 9.996785180210376789e-04
3.000000000000000000e+02 0.000000000000000000e+00 3.000000000000000000e+00 2.416681574062860272e+21 9.906951833104696552e-04
3.000000000000000000e+02 0.000000000000000000e+00 4.000000000000000000e+00 -2.410012447942752400e+16 7.457447602887987137e-02
3.000000000000000000e+02 0.000000000000000000e+00 5.000000000000000000e+00 1.083338627323087875e+15 2.969219488291034367e-02
3.000000000000000000e+02 0.000000000000000000e+00 6.000000000000000000e+00 1.873808334212369250e+15 5.987262903847261931e-03
3.000000000000000000e+02 1.000000000000000000e+00 1.000000000000000000e+00 1.494206119030391046e+22 9.824187578139553442e-04
3.000000000000000000e+02 1.000000000000000000e+00 2.000000000000000000e+00 6.321680860359091552e+21 9.977584196251296309e-04
3.000000000000000000e+02 1.000000000000000000e+00 3.000000000000000000e+00 5.817130300463062712e+21 9.707861574981078295e-04
3.000000000000000000e+02 1.000000000000000000e+00 4.000000000000000000e+00 3.741642101715863040e+18 7.817609106511151651e-02
3.000000000000000000e+02 1.000000000000000000e+00 5.000000000000000000e+00 1.011183831216292400e+16 4.085848321302848474e-02
3.000000000000000000e+02 1.000000000000000000e+00 6.000000000000000000e+00 4.361092561848656000e+15 3.374882327030119533e-02
3.000000000000000000e+02 2.000000000000000000e+00 2.000000000000000000e+00 2.930996727815267680e+21 9.664463937117185374e-04
3.000000000000000000e+02 2.000000000000000000e+00 3.000000000000000000e+00 2.643217437043861750e+21 9.646258326641358712e-04
3.000000000000000000e+02 2.000000000000000000e+00 4.000000000000000000e+00 -2.501558323827350400e+16 5.933507579759089018e-02
3.000000000000000000e+02 2.000000000000000000e+00 5.000000000000000000e+00 -5.390681194900391875e+14 1.415946739929612730e-01
3.000000000000000000e+02 2.000000000000000000e+00 6.000000000000000000e+00 1.915462262351014250e+15 8.327474204208686059e-03
3.000000000000000000e+02 3.000000000000000000e+00 3.000000000000000000e+00 2.597491028947843416e+21 9.736784956057958343e-04
3.000000000000000000e+02 3.000000000000000000e+00 4.000000000000000000e+00 -1.035224178684295987e+19 5.698265943957164098e-02
3.000000000000000000e+02 3.000000000000000000e+00 5.000000000000000000e+00 -2.110561178309398400e+16 5.968944359227886659e-02
3.000000000000000000e+02 3.000000000000000000e+00 6.000000000000000000e+00 1.581044404874638000e+15 2.591353191029375225e-01
3.000000000000000000e+02 4.000000000000000000e+00 4.000000000000000000e+00 2.594080040768156160e+18 8.385739933415568836e-02
3.000000000000000000e+02 4.000000000000000000e+00 5.000000000000000000e+00 9.293563569956512000e+15 5.461012824949275368e-02
3.000000000000000000e+02 4.000000000000000000e+00 6.000000000000000000e+00 8.747798933820548438e+13 1.969844178122748923e+00
3.000000000000000000e+02 5.000000000000000000e+00 5.000000000000000000e+00 1.103630667047457125e+15 3.811505914819111884e-02
3.000000000000000000e+02 5.000000000000000000e+00 6.000000000000000000e+00 2.044949275416838750e+14 2.650529897070962385e-02
3.000000000000000000e+02 6.000000000000000000e+00 6.000000000000000000e+00 2.821370109188311875e+14 6.450213572585327022e-03
